# 20250121_104027
alpha,field0Re,field0Im
0,0.0224365,0
0.00157237,0.0224365,0
0.00314474,0.0224365,0
0.00471711,0.0224365,0
0.00628947,0.0224365,0
0.00786184,0.0224365,0
0.00943421,0.0224365,0
0.0110066,0.0224365,0
0.0125789,0.0224365,0
0.0141513,0.0224365,0
0.0157237,0.0224364,0
0.0172961,0.0224364,0
0.0188684,0.0224364,0
0.0204408,0.0224364,0
0.0220132,0.0224364,0
0.0235855,0.0224363,0
0.0251579,0.0224363,0
0.0267303,0.0224362,0
0.0283026,0.0224362,0
0.029875,0.0224361,0
0.0314474,0.022436,0
0.0330197,0.022436,0
0.0345921,0.0224358,0
0.0361645,0.0224357,0
0.0377368,0.0224356,0
0.0393092,0.0224354,0
0.0408816,0.0224353,0
0.042454,0.0224351,0
0.0440263,0.0224349,0
0.0455987,0.0224346,0
0.0471711,0.0224344,0
0.0487434,0.0224341,0
0.0503158,0.0224338,0
0.0518882,0.0224334,0
0.0534605,0.022433,0
0.0550329,0.0224326,0
0.0566053,0.0224322,0
0.0581776,0.0224317,0
0.05975,0.0224312,0
0.0613224,0.0224306,0
0.0628947,0.02243,0
0.0644671,0.0224293,0
0.0660395,0.0224286,0
0.0676119,0.0224279,0
0.0691842,0.022427,0
0.0707566,0.0224262,0
0.072329,0.0224253,0
0.0739013,0.0224243,0
0.0754737,0.0224232,0
0.0770461,0.0224221,0
0.0786184,0.0224209,0
0.0801908,0.0224197,0
0.0817632,0.0224183,0
0.0833355,0.0224169,0
0.0849079,0.0224154,0
0.0864803,0.0224138,0
0.0880526,0.0224121,0
0.089625,0.0224103,0
0.0911974,0.0224085,0
0.0927698,0.0224065,0
0.0943421,0.0224045,0
0.0959145,0.0224023,0
0.0974869,0.0224,0
0.0990592,0.0223976,0
0.100632,0.0223951,0
0.102204,0.0223924,0
0.103776,0.0223897,0
0.105349,0.0223868,0
0.106921,0.0223837,0
0.108493,0.0223805,0
0.110066,0.0223772,0
0.111638,0.0223738,0
0.113211,0.0223702,0
0.114783,0.0223664,0
0.116355,0.0223624,0
0.117928,0.0223583,0
0.1195,0.0223541,0
0.121072,0.0223496,0
0.122645,0.022345,0
0.124217,0.0223402,0
0.125789,0.0223351,0
0.127362,0.0223299,0
0.128934,0.0223245,0
0.130507,0.0223189,0
0.132079,0.0223131,0
0.133651,0.0223071,0
0.135224,0.0223008,0
0.136796,0.0222942,0
0.138368,0.0222875,0
0.139941,0.0222805,0
0.141513,0.0222733,0
0.143086,0.0222658,0
0.144658,0.022258,0
0.14623,0.02225,0
0.147803,0.0222417,0
0.149375,0.0222331,0
0.150947,0.0222243,0
0.15252,0.0222151,0
0.154092,0.0222056,0
0.155665,0.0221958,0
0.157237,0.0221857,0
0.158809,0.0221753,0
0.160382,0.0221646,0
0.161954,0.0221536,0
0.163526,0.0221421,0
0.165099,0.0221303,0
0.166671,0.0221181,0
0.168243,0.0221056,0
0.169816,0.0220927,0
0.171388,0.0220795,0
0.172961,0.0220658,0
0.174533,0.0220517,0
0.176105,0.0220372,0
0.177678,0.0220223,0
0.17925,0.0220069,0
0.180822,0.0219912,0
0.182395,0.021975,0
0.183967,0.0219582,0
0.18554,0.0219411,0
0.187112,0.0219234,0
0.188684,0.0219053,0
0.190257,0.0218867,0
0.191829,0.0218676,0
0.193401,0.0218479,0
0.194974,0.0218277,0
0.196546,0.021807,0
0.198118,0.0217857,0
0.199691,0.0217639,0
0.201263,0.0217416,0
0.202836,0.0217186,0
0.204408,0.021695,0
0.20598,0.0216708,0
0.207553,0.021646,0
0.209125,0.0216206,0
0.210697,0.0215946,0
0.21227,0.0215679,0
0.213842,0.0215405,0
0.215415,0.0215124,0
0.216987,0.0214836,0
0.218559,0.0214541,0
0.220132,0.021424,0
0.221704,0.0213932,0
0.223276,0.0213615,0
0.224849,0.0213291,0
0.226421,0.0212959,0
0.227993,0.0212619,0
0.229566,0.0212272,0
0.231138,0.0211918,0
0.232711,0.0211554,0
0.234283,0.0211181,0
0.235855,0.02108,0
0.237428,0.021041,0
0.239,0.0210012,0
0.240572,0.0209606,0
0.242145,0.020919,0
0.243717,0.0208764,0
0.24529,0.0208328,0
0.246862,0.0207883,0
0.248434,0.0207428,0
0.250007,0.0206964,0
0.251579,0.020649,0
0.253151,0.0206005,0
0.254724,0.0205509,0
0.256296,0.0205003,0
0.257868,0.0204486,0
0.259441,0.0203958,0
0.261013,0.0203421,0
0.262586,0.0202871,0
0.264158,0.0202309,0
0.26573,0.0201735,0
0.267303,0.0201149,0
0.268875,0.0200552,0
0.270447,0.0199944,0
0.27202,0.0199323,0
0.273592,0.0198688,0
0.275165,0.0198041,0
0.276737,0.019738,0
0.278309,0.0196707,0
0.279882,0.0196021,0
0.281454,0.0195322,0
0.283026,0.0194609,0
0.284599,0.0193881,0
0.286171,0.0193138,0
0.287743,0.0192382,0
0.289316,0.0191612,0
0.290888,0.0190828,0
0.292461,0.0190028,0
0.294033,0.0189213,0
0.295605,0.0188382,0
0.297178,0.0187535,0
0.29875,0.0186674,0
0.300322,0.0185798,0
0.301895,0.0184905,0
0.303467,0.0183995,0
0.30504,0.0183068,0
0.306612,0.0182124,0
0.308184,0.0181164,0
0.309757,0.0180187,0
0.311329,0.0179194,0
0.312901,0.0178182,0
0.314474,0.0177151,0
0.316046,0.0176103,0
0.317618,0.0175036,0
0.319191,0.0173952,0
0.320763,0.0172851,0
0.322336,0.0171729,0
0.323908,0.0170588,0
0.32548,0.0169427,0
0.327053,0.0168247,0
0.328625,0.0167048,0
0.330197,0.0165831,0
0.33177,0.0164593,0
0.333342,0.0163333,0
0.334915,0.0162053,0
0.336487,0.0160752,0
0.338059,0.0159431,0
0.339632,0.015809,0
0.341204,0.0156729,0
0.342776,0.0155344,0
0.344349,0.0153937,0
0.345921,0.0152509,0
0.347493,0.0151058,0
0.349066,0.0149587,0
0.350638,0.0148095,0
0.352211,0.0146579,0
0.353783,0.0145039,0
0.355355,0.0143476,0
0.356928,0.014189,0
0.3585,0.0140282,0
0.360072,0.0138652,0
0.361645,0.0136999,0
0.363217,0.013532,0
0.36479,0.0133617,0
0.366362,0.013189,0
0.367934,0.0130139,0
0.369507,0.0128366,0
0.371079,0.012657,0
0.372651,0.0124747,0
0.374224,0.0122899,0
0.375796,0.0121026,0
0.377368,0.0119129,0
0.378941,0.0117208,0
0.380513,0.0115264,0
0.382086,0.0113294,0
0.383658,0.0111298,0
0.38523,0.0109275,0
0.386803,0.0107228,0
0.388375,0.0105156,0
0.389947,0.0103062,0
0.39152,0.0100942,0
0.393092,0.00987942,0
0.394665,0.00966207,0
0.396237,0.00944217,0
0.397809,0.00921981,0
0.399382,0.00899509,0
0.400954,0.00876798,0
0.402526,0.00853816,0
0.404099,0.00830568,0
0.405671,0.00807064,0
0.407243,0.00783314,0
0.408816,0.00759329,0
0.410388,0.00735116,0
0.411961,0.00710643,0
0.413533,0.00685906,0
0.415105,0.00660914,0
0.416678,0.00635679,0
0.41825,0.00610214,0
0.419822,0.00584529,0
0.421395,0.00558611,0
0.422967,0.00532431,0
0.42454,0.00506004,0
0.426112,0.00479342,0
0.427684,0.00452458,0
0.429257,0.00425365,0
0.430829,0.00398067,0
0.432401,0.00370524,0
0.433974,0.00342743,0
0.435546,0.0031474,0
0.437118,0.00286529,0
0.438691,0.00258125,0
0.440263,0.00229542,0
0.441836,0.00200747,0
0.443408,0.00171729,0
0.44498,0.00142506,0
0.446553,0.00113095,0
0.448125,0.000835128,0
0.449697,0.00053776,0
0.45127,0.000238749,0
0.452842,-6.22642e-05,0
0.454415,-0.000365102,0
0.455987,-0.000669573,0
0.457559,-0.000975483,0
0.459132,-0.00128264,0
0.460704,-0.00159094,0
0.462276,-0.00190086,0
0.463849,-0.00221233,0
0.465421,-0.00252512,0
0.466994,-0.00283901,0
0.468566,-0.00315379,0
0.470138,-0.00346924,0
0.471711,-0.00378571,0
0.473283,-0.0041034,0
0.474855,-0.00442204,0
0.476428,-0.00474139,0
0.478,-0.00506119,0
0.479572,-0.00538121,0
0.481145,-0.00570149,0
0.482717,-0.00602254,0
0.48429,-0.00634413,0
0.485862,-0.00666597,0
0.487434,-0.00698778,0
0.489007,-0.00730928,0
0.490579,-0.00763027,0
0.492151,-0.00795139,0
0.493724,-0.00827258,0
0.495296,-0.00859352,0
0.496869,-0.00891388,0
0.498441,-0.00923334,0
0.500013,-0.00955158,0
0.501586,-0.00986901,0
0.503158,-0.010186,0
0.50473,-0.0105022,0
0.506303,-0.0108172,0
0.507875,-0.0111307,0
0.509447,-0.0114423,0
0.51102,-0.011752,0
0.512592,-0.0120606,0
0.514165,-0.0123678,0
0.515737,-0.0126732,0
0.517309,-0.0129764,0
0.518882,-0.0132769,0
0.520454,-0.0135745,0
0.522026,-0.0138701,0
0.523599,-0.0141637,0
0.525171,-0.0144549,0
0.526744,-0.0147431,0
0.528316,-0.015028,0
0.529888,-0.0153088,0
0.531461,-0.0155864,0
0.533033,-0.0158615,0
0.534605,-0.0161335,0
0.536178,-0.0164019,0
0.53775,-0.0166661,0
0.539322,-0.0169254,0
0.540895,-0.0171799,0
0.542467,-0.0174312,0
0.54404,-0.0176789,0
0.545612,-0.0179223,0
0.547184,-0.0181607,0
0.548757,-0.0183934,0
0.550329,-0.0186197,0
0.551901,-0.0188417,0
0.553474,-0.0190598,0
0.555046,-0.019273,0
0.556619,-0.0194805,0
0.558191,-0.0196814,0
0.559763,-0.0198747,0
0.561336,-0.0200617,0
0.562908,-0.0202447,0
0.56448,-0.0204225,0
0.566053,-0.0205941,0
0.567625,-0.0207582,0
0.569197,-0.0209136,0
0.57077,-0.0210601,0
0.572342,-0.0212024,0
0.573915,-0.02134,0
0.575487,-0.0214711,0
0.577059,-0.0215938,0
0.578632,-0.0217064,0
0.580204,-0.0218073,0
0.581776,-0.0219034,0
0.583349,-0.0219969,0
0.584921,-0.0220845,0
0.586494,-0.0221628,0
0.588066,-0.0222284,0
0.589638,-0.022278,0
0.591211,-0.0223141,0
0.592783,-0.0223478,0
0.594355,-0.0223782,0
0.595928,-0.0224037,0
0.5975,-0.0224225,0
0.599072,-0.0224332,0
0.600645,-0.0224336,0
0.602217,-0.0224197,0
0.60379,-0.022393,0
0.605362,-0.0223561,0
0.606934,-0.0223119,0
0.608507,-0.0222631,0
0.610079,-0.0222124,0
0.611651,-0.0221508,0
0.613224,-0.0220719,0
0.614796,-0.0219788,0
0.616369,-0.0218745,0
0.617941,-0.0217622,0
0.619513,-0.0216451,0
0.621086,-0.0215224,0
0.622658,-0.0213856,0
0.62423,-0.0212357,0
0.625803,-0.0210746,0
0.627375,-0.0209043,0
0.628947,-0.0207265,0
0.63052,-0.0205428,0
0.632092,-0.0203473,0
0.633665,-0.0201392,0
0.635237,-0.0199198,0
0.636809,-0.0196908,0
0.638382,-0.0194533,0
0.639954,-0.019209,0
0.641526,-0.0189554,0
0.643099,-0.0186896,0
0.644671,-0.0184128,0
0.646244,-0.0181262,0
0.647816,-0.017831,0
0.649388,-0.0175283,0
0.650961,-0.0172181,0
0.652533,-0.0168967,0
0.654105,-0.0165648,0
0.655678,-0.0162234,0
0.65725,-0.0158735,0
0.658822,-0.0155161,0
0.660395,-0.0151522,0
0.661967,-0.014779,0
0.66354,-0.0143958,0
0.665112,-0.0140037,0
0.666684,-0.0136037,0
0.668257,-0.0131966,0
0.669829,-0.0127836,0
0.671401,-0.0123635,0
0.672974,-0.0119345,0
0.674546,-0.0114975,0
0.676119,-0.0110533,0
0.677691,-0.010603,0
0.679263,-0.0101473,0
0.680836,-0.00968673,0
0.682408,-0.00921878,0
0.68398,-0.0087439,0
0.685553,-0.008263,0
0.687125,-0.00777698,0
0.688697,-0.00728677,0
0.69027,-0.00679319,0
0.691842,-0.00629452,0
0.693415,-0.00579024,0
0.694987,-0.00528127,0
0.696559,-0.00476852,0
0.698132,-0.00425288,0
0.699704,-0.00373529,0
0.701276,-0.00321531,0
0.702849,-0.00269128,0
0.704421,-0.00216405,0
0.705994,-0.00163454,0
0.707566,-0.00110369,0
0.709138,-0.000572427,0
0.710711,-4.1265e-05,0
0.712283,0.000491854,0
0.713855,0.00102657,0
0.715428,0.00156193,0
0.717,0.00209696,0
0.718572,0.00263071,0
0.720145,0.00316223,0
0.721717,0.003693,0
0.72329,0.00422375,0
0.724862,0.00475346,0
0.726434,0.00528111,0
0.728007,0.0058057,0
0.729579,0.00632621,0
0.731151,0.00684285,0
0.732724,0.00735774,0
0.734296,0.00786995,0
0.735869,0.00837841,0
0.737441,0.00888202,0
0.739013,0.0093797,0
0.740586,0.00987071,0
0.742158,0.0103577,0
0.74373,0.0108406,0
0.745303,0.0113181,0
0.746875,0.0117891,0
0.748447,0.0122524,0
0.75002,0.0127067,0
0.751592,0.0131541,0
0.753165,0.0135961,0
0.754737,0.0140313,0
0.756309,0.0144586,0
0.757882,0.0148765,0
0.759454,0.0152836,0
0.761026,0.0156803,0
0.762599,0.0160704,0
0.764171,0.0164529,0
0.765744,0.0168261,0
0.767316,0.0171886,0
0.768888,0.0175387,0
0.770461,0.0178753,0
0.772033,0.0182035,0
0.773605,0.0185237,0
0.775178,0.0188339,0
0.77675,0.0191324,0
0.778323,0.019417,0
0.779895,0.0196859,0
0.781467,0.0199428,0
0.78304,0.0201925,0
0.784612,0.0204324,0
0.786184,0.02066,0
0.787757,0.0208725,0
0.789329,0.0210674,0
0.790901,0.0212453,0
0.792474,0.021418,0
0.794046,0.021583,0
0.795619,0.021736,0
0.797191,0.0218725,0
0.798763,0.0219881,0
0.800336,0.0220792,0
0.801908,0.0221622,0
0.80348,0.0222418,0
0.805053,0.0223133,0
0.806625,0.0223715,0
0.808198,0.0224117,0
0.80977,0.022429,0
0.811342,0.0224246,0
0.812915,0.0224084,0
0.814487,0.0223822,0
0.816059,0.0223479,0
0.817632,0.0223073,0
0.819204,0.0222623,0
0.820776,0.0222108,0
0.822349,0.0221325,0
0.823921,0.022029,0
0.825494,0.021906,0
0.827066,0.021769,0
0.828638,0.0216238,0
0.830211,0.0214759,0
0.831783,0.0213148,0
0.833355,0.0211342,0
0.834928,0.0209371,0
0.8365,0.0207266,0
0.838073,0.0205056,0
0.839645,0.0202771,0
0.841217,0.0200396,0
0.84279,0.0197856,0
0.844362,0.0195167,0
0.845934,0.0192351,0
0.847507,0.0189429,0
0.849079,0.0186421,0
0.850651,0.018334,0
0.852224,0.0180128,0
0.853796,0.0176784,0
0.855369,0.0173323,0
0.856941,0.0169763,0
0.858513,0.0166121,0
0.860086,0.0162411,0
0.861658,0.0158608,0
0.86323,0.0154689,0
0.864803,0.0150669,0
0.866375,0.0146561,0
0.867948,0.0142379,0
0.86952,0.0138138,0
0.871092,0.0133834,0
0.872665,0.0129437,0
0.874237,0.0124955,0
0.875809,0.01204,0
0.877382,0.0115784,0
0.878954,0.0111119,0
0.880526,0.0106415,0
0.882099,0.0101644,0
0.883671,0.00968069,0
0.885244,0.00919132,0
0.886816,0.00869742,0
0.888388,0.00820007,0
0.889961,0.00770035,0
0.891533,0.00719715,0
0.893105,0.0066891,0
0.894678,0.00617717,0
0.89625,0.00566238,0
0.897823,0.0051457,0
0.899395,0.00462815,0
0.900967,0.00410993,0
0.90254,0.00358898,0
0.904112,0.0030659,0
0.905684,0.00254165,0
0.907257,0.00201713,0
0.908829,0.0014933,0
0.910401,0.000970945,0
0.911974,0.000448331,0
0.913546,-7.47205e-05,0
0.915119,-0.000597327,0
0.916691,-0.00111861,0
0.918263,-0.00163767,0
0.919836,-0.00215364,0
0.921408,-0.00266713,0
0.92298,-0.00317951,0
0.924553,-0.00368993,0
0.926125,-0.00419756,0
0.927698,-0.00470153,0
0.92927,-0.005201,0
0.930842,-0.00569566,0
0.932415,-0.00618747,0
0.933987,-0.00667603,0
0.935559,-0.00716048,0
0.937132,-0.00763999,0
0.938704,-0.00811374,0
0.940276,-0.00858095,0
0.941849,-0.00904331,0
0.943421,-0.00950132,0
0.944994,-0.00995415,0
0.946566,-0.010401,0
0.948138,-0.0108409,0
0.949711,-0.0112732,0
0.951283,-0.0116984,0
0.952855,-0.0121184,0
0.954428,-0.0125324,0
0.956,-0.0129395,0
0.957573,-0.0133389,0
0.959145,-0.0137298,0
0.960717,-0.0141118,0
0.96229,-0.0144875,0
0.963862,-0.0148566,0
0.965434,-0.0152184,0
0.967007,-0.0155718,0
0.968579,-0.0159161,0
0.970151,-0.0162503,0
0.971724,-0.0165767,0
0.973296,-0.0168964,0
0.974869,-0.0172085,0
0.976441,-0.0175119,0
0.978013,-0.0178058,0
0.979586,-0.0180891,0
0.981158,-0.0183625,0
0.98273,-0.0186293,0
0.984303,-0.0188887,0
0.985875,-0.0191394,0
0.987448,-0.0193803,0
0.98902,-0.0196105,0
0.990592,-0.0198292,0
0.992165,-0.0200409,0
0.993737,-0.0202458,0
0.995309,-0.0204423,0
0.996882,-0.0206293,0
0.998454,-0.0208053,0
1.00003,-0.020969,0
1.0016,-0.0211241,0
1.00317,-0.0212738,0
1.00474,-0.0214162,0
1.00632,-0.0215494,0
1.00789,-0.0216716,0
1.00946,-0.0217809,0
1.01103,-0.0218788,0
1.01261,-0.0219741,0
1.01418,-0.0220645,0
1.01575,-0.0221464,0
1.01732,-0.0222168,0
1.01889,-0.0222721,0
1.02047,-0.02231,0
1.02204,-0.0223419,0
1.02361,-0.0223711,0
1.02518,-0.0223964,0
1.02676,-0.0224162,0
1.02833,-0.0224294,0
1.0299,-0.0224345,0
1.03147,-0.0224281,0
1.03305,-0.0224089,0
1.03462,-0.0223794,0
1.03619,-0.0223422,0
1.03776,-0.0223,0
1.03934,-0.0222552,0
1.04091,-0.0222076,0
1.04248,-0.0221466,0
1.04405,-0.0220731,0
1.04563,-0.0219898,0
1.0472,-0.0218993,0
1.04877,-0.0218041,0
1.05034,-0.0217068,0
1.05191,-0.0216015,0
1.05349,-0.0214865,0
1.05506,-0.021363,0
1.05663,-0.0212326,0
1.0582,-0.0210967,0
1.05978,-0.0209568,0
1.06135,-0.0208118,0
1.06292,-0.0206584,0
1.06449,-0.0204975,0
1.06607,-0.0203302,0
1.06764,-0.0201575,0
1.06921,-0.0199804,0
1.07078,-0.0197993,0
1.07236,-0.0196114,0
1.07393,-0.019417,0
1.0755,-0.0192167,0
1.07707,-0.0190114,0
1.07864,-0.0188018,0
1.08022,-0.0185887,0
1.08179,-0.0183705,0
1.08336,-0.0181466,0
1.08493,-0.0179175,0
1.08651,-0.0176839,0
1.08808,-0.0174463,0
1.08965,-0.0172055,0
1.09122,-0.0169611,0
1.0928,-0.0167118,0
1.09437,-0.0164581,0
1.09594,-0.0162004,0
1.09751,-0.0159393,0
1.09909,-0.0156752,0
1.10066,-0.0154085,0
1.10223,-0.015138,0
1.1038,-0.0148637,0
1.10538,-0.0145861,0
1.10695,-0.0143056,0
1.10852,-0.0140225,0
1.11009,-0.0137375,0
1.11166,-0.0134497,0
1.11324,-0.0131589,0
1.11481,-0.0128653,0
1.11638,-0.0125693,0
1.11795,-0.0122714,0
1.11953,-0.0119718,0
1.1211,-0.0116706,0
1.12267,-0.011367,0
1.12424,-0.0110612,0
1.12582,-0.0107537,0
1.12739,-0.0104446,0
1.12896,-0.0101343,0
1.13053,-0.00982309,0
1.13211,-0.00951031,0
1.13368,-0.00919593,0
1.13525,-0.00888026,0
1.13682,-0.00856356,0
1.13839,-0.00824613,0
1.13997,-0.00792824,0
1.14154,-0.00760963,0
1.14311,-0.00728996,0
1.14468,-0.00696947,0
1.14626,-0.00664843,0
1.14783,-0.00632708,0
1.1494,-0.00600567,0
1.15097,-0.00568426,0
1.15255,-0.00536235,0
1.15412,-0.00504008,0
1.15569,-0.00471767,0
1.15726,-0.00439536,0
1.15884,-0.00407337,0
1.16041,-0.0037519,0
1.16198,-0.00343053,0
1.16355,-0.00310922,0
1.16513,-0.00278817,0
1.1667,-0.00246759,0
1.16827,-0.00214768,0
1.16984,-0.00182864,0
1.17141,-0.00151035,0
1.17299,-0.00119249,0
1.17456,-0.000875241,0
1.17613,-0.000558799,0
1.1777,-0.000243345,0
1.17928,7.09358e-05,0
1.18085,0.000383971,0
1.18242,0.000696162,0
1.18399,0.00100742,0
1.18557,0.00131758,0
1.18714,0.00162648,0
1.18871,0.00193393,0
1.19028,0.00223979,0
1.19186,0.00254437,0
1.19343,0.00284775,0
1.195,0.00314977,0
1.19657,0.00345028,0
1.19814,0.00374911,0
1.19972,0.00404612,0
1.20129,0.00434137,0
1.20286,0.00463518,0
1.20443,0.00492742,0
1.20601,0.00521792,0
1.20758,0.00550656,0
1.20915,0.00579319,0
1.21072,0.00607772,0
1.2123,0.00636054,0
1.21387,0.0066416,0
1.21544,0.00692076,0
1.21701,0.00719788,0
1.21859,0.00747284,0
1.22016,0.0077455,0
1.22173,0.00801611,0
1.2233,0.00828481,0
1.22488,0.00855148,0
1.22645,0.00881599,0
1.22802,0.00907819,0
1.22959,0.00933797,0
1.23116,0.00959537,0
1.23274,0.00985074,0
1.23431,0.010104,0
1.23588,0.0103549,0
1.23745,0.0106035,0
1.23903,0.0108495,0
1.2406,0.0110929,0
1.24217,0.0113342,0
1.24374,0.0115732,0
1.24532,0.0118098,0
1.24689,0.012044,0
1.24846,0.0122756,0
1.25003,0.0125045,0
1.25161,0.0127309,0
1.25318,0.0129551,0
1.25475,0.0131769,0
1.25632,0.0133961,0
1.25789,0.0136128,0
1.25947,0.0138266,0
1.26104,0.0140378,0
1.26261,0.0142466,0
1.26418,0.014453,0
1.26576,0.0146569,0
1.26733,0.0148581,0
1.2689,0.0150565,0
1.27047,0.0152521,0
1.27205,0.0154452,0
1.27362,0.0156359,0
1.27519,0.015824,0
1.27676,0.0160095,0
1.27834,0.0161922,0
1.27991,0.016372,0
1.28148,0.0165491,0
1.28305,0.0167238,0
1.28463,0.016896,0
1.2862,0.0170656,0
1.28777,0.0172324,0
1.28934,0.0173963,0
1.29091,0.0175572,0
1.29249,0.0177158,0
1.29406,0.0178719,0
1.29563,0.0180254,0
1.2972,0.0181762,0
1.29878,0.0183241,0
1.30035,0.0184689,0
1.30192,0.0186112,0
1.30349,0.0187512,0
1.30507,0.0188886,0
1.30664,0.0190233,0
1.30821,0.0191551,0
1.30978,0.019284,0
1.31136,0.01941,0
1.31293,0.0195338,0
1.3145,0.0196551,0
1.31607,0.0197737,0
1.31764,0.0198896,0
1.31922,0.0200025,0
1.32079,0.0201125,0
1.32236,0.0202201,0
1.32393,0.0203254,0
1.32551,0.0204282,0
1.32708,0.0205282,0
1.32865,0.0206253,0
1.33022,0.0207194,0
1.3318,0.020811,0
1.33337,0.0209004,0
1.33494,0.0209875,0
1.33651,0.0210719,0
1.33809,0.0211534,0
1.33966,0.021232,0
1.34123,0.0213077,0
1.3428,0.0213814,0
1.34438,0.0214529,0
1.34595,0.0215219,0
1.34752,0.0215882,0
1.34909,0.0216514,0
1.35066,0.0217116,0
1.35224,0.0217698,0
1.35381,0.021826,0
1.35538,0.02188,0
1.35695,0.0219313,0
1.35853,0.0219796,0
1.3601,0.0220246,0
1.36167,0.0220674,0
1.36324,0.0221086,0
1.36482,0.0221479,0
1.36639,0.0221846,0
1.36796,0.0222184,0
1.36953,0.0222487,0
1.37111,0.0222761,0
1.37268,0.0223028,0
1.37425,0.022328,0
1.37582,0.0223509,0
1.37739,0.0223707,0
1.37897,0.0223865,0
1.38054,0.0223977,0
1.38211,0.0224076,0
1.38368,0.0224166,0
1.38526,0.0224245,0
1.38683,0.0224307,0
1.3884,0.0224348,0
1.38997,0.0224363,0
1.39155,0.0224345,0
1.39312,0.0224296,0
1.39469,0.022422,0
1.39626,0.0224125,0
1.39784,0.0224017,0
1.39941,0.0223901,0
1.40098,0.0223775,0
1.40255,0.0223608,0
1.40413,0.0223405,0
1.4057,0.0223173,0
1.40727,0.022292,0
1.40884,0.0222653,0
1.41041,0.0222379,0
1.41199,0.0222081,0
1.41356,0.0221752,0
1.41513,0.0221397,0
1.4167,0.022102,0
1.41828,0.0220626,0
1.41985,0.0220219,0
1.42142,0.0219794,0
1.42299,0.0219341,0
1.42457,0.0218864,0
1.42614,0.0218366,0
1.42771,0.0217848,0
1.42928,0.0217315,0
1.43086,0.0216767,0
1.43243,0.0216194,0
1.434,0.0215598,0
1.43557,0.0214981,0
1.43714,0.0214345,0
1.43872,0.0213692,0
1.44029,0.0213024,0
1.44186,0.0212336,0
1.44343,0.0211625,0
1.44501,0.0210893,0
1.44658,0.0210143,0
1.44815,0.0209375,0
1.44972,0.0208592,0
1.4513,0.0207792,0
1.45287,0.020697,0
1.45444,0.0206128,0
1.45601,0.0205267,0
1.45759,0.020439,0
1.45916,0.0203496,0
1.46073,0.0202587,0
1.4623,0.0201659,0
1.46388,0.0200711,0
1.46545,0.0199744,0
1.46702,0.0198761,0
1.46859,0.0197762,0
1.47016,0.0196748,0
1.47174,0.0195717,0
1.47331,0.0194667,0
1.47488,0.0193599,0
1.47645,0.0192514,0
1.47803,0.0191414,0
1.4796,0.0190299,0
1.48117,0.018917,0
1.48274,0.0188022,0
1.48432,0.0186857,0
1.48589,0.0185676,0
1.48746,0.0184479,0
1.48903,0.0183269,0
1.49061,0.0182045,0
1.49218,0.0180804,0
1.49375,0.0179547,0
1.49532,0.0178274,0
1.49689,0.0176986,0
1.49847,0.0175685,0
1.50004,0.0174371,0
1.50161,0.0173042,0
1.50318,0.0171697,0
1.50476,0.0170338,0
1.50633,0.0168964,0
1.5079,0.0167577,0
1.50947,0.0166177,0
1.51105,0.0164765,0
1.51262,0.0163338,0
1.51419,0.0161896,0
1.51576,0.0160441,0
1.51734,0.0158973,0
1.51891,0.0157493,0
1.52048,0.0156001,0
1.52205,0.0154496,0
1.52363,0.0152977,0
1.5252,0.0151445,0
1.52677,0.0149901,0
1.52834,0.0148345,0
1.52991,0.0146778,0
1.53149,0.01452,0
1.53306,0.0143608,0
1.53463,0.0142004,0
1.5362,0.0140389,0
1.53778,0.0138762,0
1.53935,0.0137126,0
1.54092,0.013548,0
1.54249,0.0133822,0
1.54407,0.0132152,0
1.54564,0.0130472,0
1.54721,0.0128782,0
1.54878,0.0127083,0
1.55036,0.0125376,0
1.55193,0.0123659,0
1.5535,0.0121931,0
1.55507,0.0120193,0
1.55665,0.0118447,0
1.55822,0.0116693,0
1.55979,0.0114933,0
1.56136,0.0113163,0
1.56293,0.0111382,0
1.56451,0.0109591,0
1.56608,0.0107795,0
1.56765,0.0105998,0
1.56922,0.0104203,0
1.5708,0.0102413,0
