# 20250121_114540
# initdata:	Data/init_real_constfield_m600_20250121_105135/init00.csv
# freezeout file: 	./../../Mathematica/data/ExampleFreezeOutCorrected.csv
# particle mass:	0.6
# NpT:	500
# pTmax:	5
# epsabs:	0
# epsrel:	1e-05
# integr iter:	10000
pT,abs2Re,abs2Im
0,1098.76,0
0.01002,1085.43,0
0.0200401,1045.98,0
0.0300601,982.192,0
0.0400802,897.279,0
0.0501002,796.161,0
0.0601202,685.445,0
0.0701403,572.971,0
0.0801603,466.806,0
0.0901804,373.823,0
0.1002,298.282,0
0.11022,240.961,0
0.12024,199.322,0
0.130261,168.783,0
0.140281,144.662,0
0.150301,123.913,0
0.160321,105.823,0
0.170341,91.3372,0
0.180361,81.488,0
0.190381,75.9528,0
0.200401,72.7323,0
0.210421,69.1696,0
0.220441,63.5805,0
0.230461,56.2711,0
0.240481,49.1373,0
0.250501,44.1116,0
0.260521,41.6476,0
0.270541,40.4378,0
0.280561,38.5717,0
0.290581,35.1455,0
0.300601,30.9424,0
0.310621,27.6149,0
0.320641,26.13,0
0.330661,25.8995,0
0.340681,25.3776,0
0.350701,23.5297,0
0.360721,20.7565,0
0.370741,18.4061,0
0.380762,17.392,0
0.390782,17.3121,0
0.400802,16.9249,0
0.410822,15.4509,0
0.420842,13.3347,0
0.430862,11.705,0
0.440882,11.1536,0
0.450902,11.1545,0
0.460922,10.7089,0
0.470942,9.46128,0
0.480962,8.04425,0
0.490982,7.31436,0
0.501002,7.3823,0
0.511022,7.53554,0
0.521042,7.09378,0
0.531062,6.17372,0
0.541082,5.48933,0
0.551102,5.46995,0
0.561122,5.76155,0
0.571142,5.67844,0
0.581162,5.02382,0
0.591182,4.28552,0
0.601202,4.00705,0
0.611222,4.1344,0
0.621242,4.12832,0
0.631263,3.66064,0
0.641283,3.00943,0
0.651303,2.68302,0
0.661323,2.78243,0
0.671343,2.90908,0
0.681363,2.70036,0
0.691383,2.28245,0
0.701403,2.07235,0
0.711423,2.21804,0
0.721443,2.41375,0
0.731463,2.30818,0
0.741483,1.9512,0
0.751503,1.70028,0
0.761523,1.73798,0
0.771543,1.84823,0
0.781563,1.72786,0
0.791583,1.39526,0
0.801603,1.15288,0
0.811623,1.17752,0
0.821643,1.30046,0
0.831663,1.25778,0
0.841683,1.04967,0
0.851703,0.921599,0
0.861723,1.01263,0
0.871743,1.16392,0
0.881764,1.13984,0
0.891784,0.94438,0
0.901804,0.799353,0
0.911824,0.831724,0
0.921844,0.909466,0
0.931864,0.84081,0
0.941884,0.645224,0
0.951904,0.519974,0
0.961924,0.56404,0
0.971944,0.651962,0
0.981964,0.62238,0
0.991984,0.503991,0
1.002,0.46191,0
1.01202,0.553786,0
1.02204,0.646366,0
1.03206,0.603508,0
1.04208,0.472042,0
1.0521,0.406417,0
1.06212,0.449933,0
1.07214,0.484915,0
1.08216,0.411677,0
1.09218,0.292041,0
1.1022,0.256735,0
1.11222,0.319601,0
1.12224,0.366032,0
1.13226,0.322785,0
1.14228,0.258205,0
1.1523,0.273453,0
1.16232,0.350554,0
1.17234,0.377821,0
1.18236,0.309828,0
1.19238,0.22808,0
1.2024,0.220373,0
1.21242,0.259517,0
1.22244,0.25351,0
1.23246,0.185405,0
1.24248,0.136294,0
1.25251,0.163862,0
1.26253,0.21954,0
1.27255,0.22244,0
1.28257,0.176275,0
1.29259,0.157421,0
1.30261,0.197345,0
1.31263,0.235376,0
1.32265,0.208444,0
1.33267,0.142198,0
1.34269,0.11137,0
1.35271,0.132743,0
1.36273,0.148438,0
1.37275,0.118331,0
1.38277,0.080014,0
1.39279,0.0895772,0
1.40281,0.135865,0
1.41283,0.156564,0
1.42285,0.129332,0
1.43287,0.101155,0
1.44289,0.115045,0
1.45291,0.145794,0
1.46293,0.139186,0
1.47295,0.0931255,0
1.48297,0.0599699,0
1.49299,0.0698122,0
1.50301,0.0906789,0
1.51303,0.0816137,0
1.52305,0.0551862,0
1.53307,0.0557467,0
1.54309,0.0895009,0
1.55311,0.113164,0
1.56313,0.0971184,0
1.57315,0.0673068,0
1.58317,0.0644819,0
1.59319,0.0840927,0
1.60321,0.0862174,0
1.61323,0.0577026,0
1.62325,0.0317846,0
1.63327,0.0379968,0
1.64329,0.0596015,0
1.65331,0.0616308,0
1.66333,0.0443379,0
1.67335,0.0407013,0
1.68337,0.0636743,0
1.69339,0.0845274,0
1.70341,0.0746572,0
1.71343,0.0470469,0
1.72345,0.0358536,0
1.73347,0.0466225,0
1.74349,0.0517908,0
1.75351,0.0354552,0
1.76353,0.0177862,0
1.77355,0.0233124,0
1.78357,0.0433224,0
1.79359,0.0496164,0
1.80361,0.0371786,0
1.81363,0.0302524,0
1.82365,0.043657,0
1.83367,0.0592383,0
1.84369,0.0529037,0
1.85371,0.0304902,0
1.86373,0.0185671,0
1.87375,0.0255884,0
1.88377,0.032293,0
1.89379,0.0238315,0
1.90381,0.0128396,0
1.91383,0.0187391,0
1.92385,0.0365197,0
1.93387,0.0433636,0
1.94389,0.0324798,0
1.95391,0.0222725,0
1.96393,0.0276451,0
1.97395,0.0377793,0
1.98397,0.0336065,0
1.99399,0.0171705,0
2.00401,0.00825228,0
2.01403,0.0147067,0
2.02405,0.0223016,0
2.03407,0.0183409,0
2.04409,0.0113984,0
2.05411,0.0168895,0
2.06413,0.0316607,0
2.07415,0.0372949,0
2.08417,0.0270841,0
2.09419,0.0154835,0
2.10421,0.0162095,0
2.11423,0.0227839,0
2.12425,0.0203448,0
2.13427,0.00928979,0
2.14429,0.00435106,0
2.15431,0.0116067,0
2.16433,0.0195028,0
2.17435,0.0171778,0
2.18437,0.0110309,0
2.19439,0.0139739,0
2.20441,0.0245097,0
2.21443,0.0281873,0
2.22445,0.0190863,0
2.23447,0.00843889,0
2.24449,0.00776256,0
2.25451,0.0127568,0
2.26453,0.0119164,0
2.27455,0.00529481,0
2.28457,0.00408667,0
2.29459,0.0123769,0
2.30461,0.0200038,0
2.31463,0.01766,0
2.32465,0.0107324,0
2.33467,0.0106201,0
2.34469,0.0171879,0
2.35471,0.0192482,0
2.36473,0.0118398,0
2.37475,0.00361761,0
2.38477,0.00361289,0
2.39479,0.00831029,0
2.40481,0.00852424,0
2.41483,0.0043974,0
2.42485,0.00482688,0
2.43487,0.0125996,0
2.44489,0.0188877,0
2.45491,0.0159422,0
2.46493,0.00847959,0
2.47495,0.00640117,0
2.48497,0.0102354,0
2.49499,0.0114027,0
2.50501,0.00613744,0
2.51503,0.00124368,0
2.52505,0.00326893,0
2.53507,0.00845643,0
2.54509,0.00899598,0
2.55511,0.00535549,0
2.56513,0.00527207,0
2.57515,0.0111377,0
2.58517,0.0155974,0
2.59519,0.0122948,0
2.60521,0.00522725,0
2.61523,0.00262583,0
2.62525,0.00509337,0
2.63527,0.00602027,0
2.64529,0.00278545,0
2.65531,0.000852048,0
2.66533,0.00465184,0
2.67535,0.0100073,0
2.68537,0.010169,0
2.69539,0.00605071,0
2.70541,0.00469555,0
2.71543,0.00837917,0
2.72545,0.0111687,0
2.73547,0.00805255,0
2.74549,0.00245938,0
2.75551,0.000884176,0
2.76553,0.00335538,0
2.77555,0.00437343,0
2.78557,0.00220124,0
2.79559,0.00156925,0
2.80561,0.00567727,0
2.81563,0.0103611,0
2.82565,0.00983059,0
2.83567,0.00521765,0
2.84569,0.00278671,0
2.85571,0.00466158,0
2.86573,0.0062518,0
2.87575,0.00389853,0
2.88577,0.000569695,0
2.89579,0.00097635,0
2.90581,0.00414839,0
2.91583,0.00516732,0
2.92585,0.00307981,0
2.93587,0.00238613,0
2.94589,0.00572811,0
2.95591,0.00929403,0
2.96593,0.00820567,0
2.97595,0.0036734,0
2.98597,0.00106659,0
2.99599,0.00211292,0
3.00601,0.00315932,0
3.01603,0.00162497,0
3.02605,0.000149386,0
3.03607,0.00204454,0
3.04609,0.00556292,0
3.05611,0.00623885,0
3.06613,0.00370183,0
3.07615,0.00225358,0
3.08617,0.00425441,0
3.09619,0.00652915,0
3.10621,0.00525677,0
3.11623,0.00171387,0
3.12625,0.000167699,0
3.13627,0.00149537,0
3.14629,0.00244319,0
3.15631,0.00128069,0
3.16633,0.000635783,0
3.17635,0.00303652,0
3.18637,0.0063567,0
3.19639,0.00654368,0
3.20641,0.00355659,0
3.21643,0.00138753,0
3.22645,0.00218478,0
3.23647,0.00347355,0
3.24649,0.00244475,0
3.25651,0.000369056,0
3.26653,0.000360679,0
3.27655,0.00232703,0
3.28657,0.00319483,0
3.29659,0.00191015,0
3.30661,0.00120997,0
3.31663,0.00322155,0
3.32665,0.00582366,0
3.33667,0.0055367,0
3.34669,0.00259061,0
3.35671,0.000487577,0
3.36673,0.000897788,0
3.37675,0.00172893,0
3.38677,0.000982399,0
3.39679,2.24279e-05,0
3.40681,0.00114618,0
3.41683,0.0035357,0
3.42685,0.00419333,0
3.43687,0.00249022,0
3.44689,0.00118127,0
3.45691,0.00223267,0
3.46693,0.00388197,0
3.47695,0.00339582,0
3.48697,0.00118322,0
3.49699,5.0185e-06,0
3.50701,0.00075488,0
3.51703,0.00145118,0
3.52705,0.000777127,0
3.53707,0.000323005,0
3.54709,0.00190755,0
3.55711,0.00428789,0
3.56713,0.00461714,0
3.57715,0.00256233,0
3.58717,0.000784982,0
3.59719,0.00107069,0
3.60721,0.00201104,0
3.61723,0.00156686,0
3.62725,0.000291405,0
3.63727,0.000239151,0
3.64729,0.00153545,0
3.65731,0.00216745,0
3.66733,0.00128255,0
3.67735,0.000654451,0
3.68737,0.00189082,0
3.69739,0.00373268,0
3.70741,0.00372805,0
3.71743,0.00178575,0
3.72745,0.00022075,0
3.73747,0.000358773,0
3.74749,0.00094226,0
3.75752,0.000556727,0
3.76754,7.36578e-07,0
3.77756,0.000836351,0
3.78758,0.00256785,0
3.7976,0.00309247,0
3.80762,0.00184116,0
3.81764,0.000704169,0
3.82766,0.00123619,0
3.83768,0.00240221,0
3.8477,0.00225351,0
3.85772,0.000859365,0
3.86774,3.03981e-05,0
3.87776,0.000477869,0
3.88778,0.000939427,0
3.8978,0.000492565,0
3.90782,0.000186188,0
3.91784,0.00130083,0
3.92786,0.00301718,0
3.93788,0.00330943,0
3.9479,0.00183907,0
3.95792,0.000446945,0
3.96794,0.000505535,0
3.97796,0.00115754,0
3.98798,0.000965059,0
3.998,0.000207417,0
4.00802,0.0002576,0
4.01804,0.00121207,0
4.02806,0.00166105,0
4.03808,0.000971913,0
4.0481,0.000398284,0
4.05812,0.00116344,0
4.06814,0.00247444,0
4.07816,0.00257194,0
4.08818,0.00127001,0
4.0982,0.000129057,0
4.10822,0.000137953,0
4.11824,0.000511059,0
4.12826,0.000290305,0
4.13828,6.1269e-06,0
4.1483,0.00071182,0
4.15832,0.00201672,0
4.16834,0.0023924,0
4.17836,0.0014115,0
4.18838,0.000451228,0
4.1984,0.000710974,0
4.20842,0.00153342,0
4.21844,0.00151894,0
4.22846,0.000631454,0
4.23848,9.14534e-05,0
4.2485,0.000403926,0
4.25852,0.000704119,0
4.26854,0.000357413,0
4.27856,0.000119215,0
4.28858,0.000913752,0
4.2986,0.00216238,0
4.30862,0.00239517,0
4.31864,0.0013263,0
4.32866,0.000253964,0
4.33868,0.000200703,0
4.3487,0.000626196,0
4.35872,0.000545378,0
4.36874,0.000137608,0
4.37876,0.000316899,0
4.38878,0.00108044,0
4.3988,0.00138427,0
4.40882,0.00079629,0
4.41884,0.000276371,0
4.42886,0.000765705,0
4.43888,0.00171669,0
4.4489,0.00184068,0
4.45892,0.000948159,0
4.46894,0.000121774,0
4.47896,7.94346e-05,0
4.48898,0.000303369,0
4.499,0.000153107,0
4.50902,1.95577e-05,0
4.51904,0.00061997,0
4.52906,0.00161265,0
4.53908,0.00185897,0
4.5491,0.00107247,0
4.55912,0.000277767,0
4.56914,0.000386092,0
4.57916,0.000953714,0
4.58918,0.000984217,0
4.5992,0.000437572,0
4.60922,0.000147509,0
4.61924,0.00042208,0
4.62926,0.000615515,0
4.63928,0.000304271,0
4.6493,9.24278e-05,0
4.65932,0.000675889,0
4.66934,0.00161529,0
4.67936,0.00180575,0
4.68938,0.00101283,0
4.6994,0.000175722,0
4.70942,6.02295e-05,0
4.71944,0.000321874,0
4.72946,0.000293362,0
4.73948,0.000108419,0
4.7495,0.0003693,0
4.75952,0.000989502,0
4.76954,0.00117592,0
4.77956,0.000655049,0
4.78958,0.000193562,0
4.7996,0.000511532,0
4.80962,0.00120491,0
4.81964,0.00131965,0
4.82966,0.000705302,0
4.83968,0.000130556,0
4.8497,9.49572e-05,0
4.85972,0.000225041,0
4.86974,9.47692e-05,0
4.87976,2.58261e-05,0
4.88978,0.000527943,0
4.8998,0.00129869,0
4.90982,0.00147113,0
4.91984,0.000835319,0
4.92986,0.000175273,0
4.93988,0.000180757,0
4.9499,0.000556047,0
4.95992,0.000606361,0
4.96994,0.000307673,0
4.97996,0.00021517,0
4.98998,0.000472635,0
5,0.000578331,0
