# 20240822_171441
alpha,Dfield0Re,Dfield0Im
0,-0.079506,0.194749
0.00157237,-0.0795409,0.194843
0.00314474,-0.0795794,0.194943
0.00471711,-0.0796183,0.195044
0.00628947,-0.0796544,0.19514
0.00786184,-0.0796845,0.195225
0.00943421,-0.0797056,0.195294
0.0110066,-0.0797172,0.195344
0.0125789,-0.079727,0.195388
0.0141513,-0.0797357,0.195427
0.0157237,-0.0797429,0.195462
0.0172961,-0.0797482,0.195492
0.0188684,-0.0797513,0.195519
0.0204408,-0.0797519,0.195542
0.0220132,-0.0797502,0.195562
0.0235855,-0.0797467,0.19558
0.0251579,-0.079742,0.195595
0.0267303,-0.0797363,0.19561
0.0283026,-0.0797303,0.195625
0.029875,-0.0797244,0.195641
0.0314474,-0.0797182,0.195657
0.0330197,-0.0797109,0.195672
0.0345921,-0.0797027,0.195687
0.0361645,-0.0796941,0.195702
0.0377368,-0.0796853,0.195718
0.0393092,-0.0796766,0.195736
0.0408816,-0.0796682,0.195754
0.042454,-0.0796597,0.195775
0.0440263,-0.0796511,0.195796
0.0455987,-0.0796423,0.195819
0.0471711,-0.0796336,0.195843
0.0487434,-0.0796248,0.195868
0.0503158,-0.0796162,0.195894
0.0518882,-0.0796076,0.195921
0.0534605,-0.0795991,0.195951
0.0550329,-0.0795905,0.195982
0.0566053,-0.079582,0.196014
0.0581776,-0.0795734,0.196048
0.05975,-0.0795647,0.196082
0.0613224,-0.079556,0.196117
0.0628947,-0.0795473,0.196155
0.0644671,-0.0795386,0.196193
0.0660395,-0.0795297,0.196233
0.0676119,-0.0795208,0.196274
0.0691842,-0.0795117,0.196315
0.0707566,-0.0795023,0.196357
0.072329,-0.0794928,0.196401
0.0739013,-0.0794832,0.196446
0.0754737,-0.0794734,0.196491
0.0770461,-0.0794634,0.196538
0.0786184,-0.0794531,0.196585
0.0801908,-0.0794426,0.196633
0.0817632,-0.0794317,0.196682
0.0833355,-0.0794206,0.196731
0.0849079,-0.0794092,0.196782
0.0864803,-0.0793975,0.196833
0.0880526,-0.0793855,0.196885
0.089625,-0.0793732,0.196937
0.0911974,-0.0793605,0.19699
0.0927698,-0.0793474,0.197044
0.0943421,-0.079334,0.197098
0.0959145,-0.0793202,0.197153
0.0974869,-0.079306,0.197209
0.0990592,-0.0792915,0.197265
0.100632,-0.0792766,0.197322
0.102204,-0.0792613,0.197379
0.103776,-0.0792456,0.197437
0.105349,-0.0792295,0.197496
0.106921,-0.0792129,0.197555
0.108493,-0.079196,0.197615
0.110066,-0.0791788,0.197675
0.111638,-0.0791611,0.197736
0.113211,-0.079143,0.197797
0.114783,-0.0791244,0.197859
0.116355,-0.0791054,0.197922
0.117928,-0.079086,0.197985
0.1195,-0.0790663,0.198049
0.121072,-0.0790462,0.198114
0.122645,-0.0790256,0.198179
0.124217,-0.0790045,0.198245
0.125789,-0.0789831,0.198311
0.127362,-0.0789612,0.198379
0.128934,-0.078939,0.198447
0.130507,-0.0789163,0.198515
0.132079,-0.0788933,0.198584
0.133651,-0.0788698,0.198654
0.135224,-0.0788458,0.198725
0.136796,-0.0788214,0.198797
0.138368,-0.0787966,0.198869
0.139941,-0.0787714,0.198941
0.141513,-0.0787458,0.199015
0.143086,-0.0787198,0.199089
0.144658,-0.0786932,0.199164
0.14623,-0.0786663,0.19924
0.147803,-0.0786389,0.199317
0.149375,-0.078611,0.199394
0.150947,-0.0785827,0.199472
0.15252,-0.078554,0.199551
0.154092,-0.0785247,0.19963
0.155665,-0.078495,0.199711
0.157237,-0.0784648,0.199792
0.158809,-0.0784341,0.199873
0.160382,-0.0784029,0.199956
0.161954,-0.0783713,0.200039
0.163526,-0.078339,0.200123
0.165099,-0.0783063,0.200207
0.166671,-0.078273,0.200293
0.168243,-0.0782392,0.200379
0.169816,-0.0782048,0.200465
0.171388,-0.0781699,0.200553
0.172961,-0.0781344,0.200641
0.174533,-0.0780983,0.200729
0.176105,-0.0780616,0.200819
0.177678,-0.0780243,0.200908
0.17925,-0.0779863,0.200999
0.180822,-0.0779478,0.20109
0.182395,-0.0779085,0.201181
0.183967,-0.0778686,0.201274
0.18554,-0.077828,0.201366
0.187112,-0.0777867,0.20146
0.188684,-0.0777447,0.201553
0.190257,-0.077702,0.201648
0.191829,-0.0776585,0.201742
0.193401,-0.0776143,0.201837
0.194974,-0.0775693,0.201933
0.196546,-0.0775235,0.202029
0.198118,-0.0774768,0.202125
0.199691,-0.0774294,0.202222
0.201263,-0.0773812,0.202319
0.202836,-0.0773321,0.202416
0.204408,-0.077282,0.202514
0.20598,-0.0772311,0.202612
0.207553,-0.0771793,0.20271
0.209125,-0.0771266,0.202808
0.210697,-0.0770729,0.202907
0.21227,-0.0770183,0.203006
0.213842,-0.0769627,0.203104
0.215415,-0.076906,0.203204
0.216987,-0.0768483,0.203303
0.218559,-0.0767897,0.203402
0.220132,-0.07673,0.203501
0.221704,-0.0766692,0.203601
0.223276,-0.0766073,0.2037
0.224849,-0.0765443,0.2038
0.226421,-0.0764801,0.203899
0.227993,-0.0764148,0.203998
0.229566,-0.0763484,0.204098
0.231138,-0.0762808,0.204197
0.232711,-0.0762119,0.204296
0.234283,-0.0761418,0.204395
0.235855,-0.0760704,0.204493
0.237428,-0.0759978,0.204592
0.239,-0.075924,0.20469
0.240572,-0.0758489,0.204788
0.242145,-0.0757724,0.204886
0.243717,-0.0756945,0.204984
0.24529,-0.0756153,0.205081
0.246862,-0.0755347,0.205178
0.248434,-0.0754527,0.205274
0.250007,-0.0753693,0.205371
0.251579,-0.0752845,0.205466
0.253151,-0.0751982,0.205562
0.254724,-0.0751103,0.205657
0.256296,-0.075021,0.205751
0.257868,-0.0749301,0.205845
0.259441,-0.0748378,0.205939
0.261013,-0.0747439,0.206031
0.262586,-0.0746484,0.206124
0.264158,-0.0745512,0.206216
0.26573,-0.0744523,0.206307
0.267303,-0.0743519,0.206397
0.268875,-0.0742498,0.206487
0.270447,-0.0741461,0.206576
0.27202,-0.0740406,0.206665
0.273592,-0.0739333,0.206752
0.275165,-0.0738242,0.206839
0.276737,-0.0737133,0.206926
0.278309,-0.0736007,0.207011
0.279882,-0.0734863,0.207095
0.281454,-0.07337,0.207179
0.283026,-0.0732518,0.207261
0.284599,-0.0731317,0.207343
0.286171,-0.0730096,0.207424
0.287743,-0.0728855,0.207504
0.289316,-0.0727596,0.207583
0.290888,-0.0726318,0.20766
0.292461,-0.0725018,0.207737
0.294033,-0.0723697,0.207813
0.295605,-0.0722355,0.207887
0.297178,-0.0720992,0.20796
0.29875,-0.0719608,0.208032
0.300322,-0.0718204,0.208103
0.301895,-0.0716778,0.208172
0.303467,-0.0715328,0.20824
0.30504,-0.0713856,0.208307
0.306612,-0.0712361,0.208373
0.308184,-0.0710843,0.208437
0.309757,-0.0709303,0.208499
0.311329,-0.070774,0.208559
0.312901,-0.0706153,0.208619
0.314474,-0.070454,0.208677
0.316046,-0.0702903,0.208734
0.317618,-0.0701241,0.208788
0.319191,-0.0699556,0.208841
0.320763,-0.0697846,0.208891
0.322336,-0.0696109,0.20894
0.323908,-0.0694346,0.208988
0.32548,-0.0692556,0.209034
0.327053,-0.0690739,0.209078
0.328625,-0.0688897,0.20912
0.330197,-0.0687028,0.209158
0.33177,-0.0685132,0.209195
0.333342,-0.0683207,0.209231
0.334915,-0.0681253,0.209265
0.336487,-0.067927,0.209297
0.338059,-0.067726,0.209326
0.339632,-0.0675221,0.209351
0.341204,-0.0673153,0.209373
0.342776,-0.0671055,0.209396
0.344349,-0.0668925,0.209418
0.345921,-0.0666764,0.209437
0.347493,-0.0664573,0.209451
0.349066,-0.0662352,0.20946
0.350638,-0.0660101,0.209461
0.352211,-0.0657817,0.209461
0.353783,-0.0655499,0.20946
0.355355,-0.0653148,0.209459
0.356928,-0.0650764,0.209458
0.3585,-0.0648348,0.209457
0.360072,-0.06459,0.209455
0.361645,-0.0643418,0.209448
0.363217,-0.06409,0.209434
0.36479,-0.0638346,0.209413
0.366362,-0.0635757,0.209388
0.367934,-0.0633134,0.20936
0.369507,-0.0630476,0.209331
0.371079,-0.0627783,0.209302
0.372651,-0.0625052,0.209267
0.374224,-0.0622282,0.209226
0.375796,-0.0619475,0.209182
0.377368,-0.0616632,0.209133
0.378941,-0.0613751,0.209082
0.380513,-0.0610834,0.209029
0.382086,-0.0607877,0.208972
0.383658,-0.0604879,0.208909
0.38523,-0.0601842,0.208841
0.386803,-0.0598765,0.208769
0.388375,-0.0595649,0.208693
0.389947,-0.0592494,0.208615
0.39152,-0.0589299,0.208532
0.393092,-0.0586061,0.208444
0.394665,-0.058278,0.20835
0.396237,-0.0579457,0.208252
0.397809,-0.0576093,0.208149
0.399382,-0.0572688,0.208043
0.400954,-0.0569242,0.207933
0.402526,-0.0565751,0.207816
0.404099,-0.0562215,0.207695
0.405671,-0.0558635,0.207568
0.407243,-0.0555011,0.207436
0.408816,-0.0551344,0.207299
0.410388,-0.0547634,0.207158
0.411961,-0.0543878,0.207012
0.413533,-0.0540075,0.20686
0.415105,-0.0536225,0.206701
0.416678,-0.0532329,0.206538
0.41825,-0.0528388,0.206369
0.419822,-0.0524403,0.206195
0.421395,-0.0520371,0.206016
0.422967,-0.051629,0.20583
0.42454,-0.051216,0.205638
0.426112,-0.0507981,0.20544
0.427684,-0.0503756,0.205237
0.429257,-0.0499484,0.205028
0.430829,-0.0495165,0.204813
0.432401,-0.0490795,0.204592
0.433974,-0.0486375,0.204364
0.435546,-0.0481904,0.20413
0.437118,-0.0477384,0.203889
0.438691,-0.0472815,0.203642
0.440263,-0.0468199,0.20339
0.441836,-0.0463532,0.203131
0.443408,-0.0458811,0.202864
0.44498,-0.0454038,0.202591
0.446553,-0.0449215,0.202311
0.448125,-0.0444341,0.202024
0.449697,-0.0439418,0.201731
0.45127,-0.0434444,0.201432
0.452842,-0.0429415,0.201125
0.454415,-0.0424333,0.20081
0.455987,-0.0419197,0.200488
0.457559,-0.041401,0.200159
0.459132,-0.0408772,0.199824
0.460704,-0.0403483,0.199482
0.462276,-0.0398139,0.199132
0.463849,-0.039274,0.198774
0.465421,-0.0387286,0.198408
0.466994,-0.0381778,0.198035
0.468566,-0.0376219,0.197655
0.470138,-0.0370608,0.197268
0.471711,-0.0364943,0.196873
0.473283,-0.035922,0.19647
0.474855,-0.0353442,0.196058
0.476428,-0.0347609,0.195639
0.478,-0.0341723,0.195211
0.479572,-0.0335784,0.194777
0.481145,-0.0329792,0.194335
0.482717,-0.0323742,0.193884
0.48429,-0.0317634,0.193425
0.485862,-0.0311472,0.192957
0.487434,-0.0305254,0.192481
0.489007,-0.0298983,0.191998
0.490579,-0.029266,0.191507
0.492151,-0.0286279,0.191006
0.493724,-0.027984,0.190497
0.495296,-0.0273344,0.189979
0.496869,-0.0266793,0.189453
0.498441,-0.0260188,0.188918
0.500013,-0.025353,0.188376
0.501586,-0.0246816,0.187825
0.503158,-0.0240044,0.187264
0.50473,-0.0233214,0.186694
0.506303,-0.0226328,0.186115
0.507875,-0.0219387,0.185528
0.509447,-0.0212393,0.184932
0.51102,-0.0205345,0.184328
0.512592,-0.0198239,0.183714
0.514165,-0.0191075,0.183091
0.515737,-0.0183855,0.182459
0.517309,-0.017658,0.181817
0.518882,-0.0169251,0.181167
0.520454,-0.016187,0.180508
0.522026,-0.0154431,0.179839
0.523599,-0.0146935,0.179161
0.525171,-0.0139382,0.178473
0.526744,-0.0131774,0.177776
0.528316,-0.0124113,0.177069
0.529888,-0.01164,0.176354
0.531461,-0.0108633,0.17563
0.533033,-0.0100808,0.174895
0.534605,-0.00929268,0.17415
0.536178,-0.00849913,0.173396
0.53775,-0.00770028,0.172632
0.539322,-0.00689629,0.171859
0.540895,-0.00608718,0.171077
0.542467,-0.00527241,0.170285
0.54404,-0.00445208,0.169483
0.545612,-0.00362635,0.16867
0.547184,-0.0027954,0.167848
0.548757,-0.0019594,0.167017
0.550329,-0.0011185,0.166176
0.551901,-0.000272245,0.165326
0.553474,0.000579493,0.164464
0.555046,0.00143652,0.163593
0.556619,0.00229867,0.162712
0.558191,0.00316573,0.161821
0.559763,0.00403754,0.160921
0.561336,0.00491425,0.160011
0.562908,0.0057963,0.15909
0.56448,0.0066835,0.15816
0.566053,0.00757566,0.157219
0.567625,0.00847259,0.156268
0.569197,0.0093741,0.155307
0.57077,0.0102801,0.154338
0.572342,0.0111912,0.153357
0.573915,0.0121073,0.152367
0.575487,0.0130281,0.151366
0.577059,0.0139535,0.150355
0.578632,0.0148833,0.149334
0.580204,0.0158172,0.148304
0.581776,0.0167557,0.147264
0.583349,0.017699,0.146214
0.584921,0.0186468,0.145153
0.586494,0.0195989,0.144082
0.588066,0.0205552,0.143001
0.589638,0.0215153,0.141911
0.591211,0.0224794,0.140811
0.592783,0.023448,0.139701
0.594355,0.0244208,0.138581
0.595928,0.0253977,0.13745
0.5975,0.0263784,0.13631
0.599072,0.0273627,0.13516
0.600645,0.0283504,0.134002
0.602217,0.0293422,0.132833
0.60379,0.0303379,0.131654
0.605362,0.0313373,0.130464
0.606934,0.0323402,0.129266
0.608507,0.0333464,0.128058
0.610079,0.0343554,0.126841
0.611651,0.0353679,0.125614
0.613224,0.0363839,0.124377
0.614796,0.0374033,0.123131
0.616369,0.0384257,0.121875
0.617941,0.039451,0.12061
0.619513,0.0404789,0.119336
0.621086,0.0415093,0.118053
0.622658,0.042543,0.116761
0.62423,0.0435795,0.115459
0.625803,0.0446188,0.114147
0.627375,0.0456604,0.112827
0.628947,0.0467042,0.111499
0.63052,0.0477498,0.110162
0.632092,0.0487979,0.108816
0.633665,0.0498486,0.10746
0.635237,0.0509015,0.106096
0.636809,0.0519562,0.104723
0.638382,0.0530126,0.103342
0.639954,0.0540704,0.101953
0.641526,0.0551298,0.100556
0.643099,0.0561912,0.0991499
0.644671,0.0572544,0.0977353
0.646244,0.0583189,0.0963125
0.647816,0.0593846,0.094882
0.649388,0.0604511,0.0934442
0.650961,0.0615183,0.0919991
0.652533,0.0625869,0.0905456
0.654105,0.0636568,0.089084
0.655678,0.0647275,0.0876147
0.65725,0.0657988,0.0861382
0.658822,0.0668704,0.0846548
0.660395,0.0679419,0.083165
0.661967,0.069014,0.0816676
0.66354,0.0700868,0.0801627
0.665112,0.0711598,0.0786506
0.666684,0.0722329,0.0771318
0.668257,0.0733056,0.0756068
0.669829,0.0743777,0.0740759
0.671401,0.0754493,0.0725388
0.672974,0.0765211,0.0709948
0.674546,0.0775925,0.0694442
0.676119,0.0786634,0.0678876
0.677691,0.0797333,0.0663253
0.679263,0.080802,0.0647578
0.680836,0.0818692,0.0631853
0.682408,0.0829357,0.0616066
0.68398,0.0840014,0.0600221
0.685553,0.0850659,0.0584322
0.687125,0.0861288,0.0568373
0.688697,0.0871898,0.055238
0.69027,0.0882485,0.0536347
0.691842,0.0893057,0.0520264
0.693415,0.0903613,0.050413
0.694987,0.0914152,0.048795
0.696559,0.0924668,0.0471728
0.698132,0.0935159,0.0455468
0.699704,0.094562,0.0439177
0.701276,0.0956053,0.0422851
0.702849,0.0966466,0.0406483
0.704421,0.0976854,0.0390075
0.705994,0.0987214,0.0373634
0.707566,0.0997541,0.0357164
0.709138,0.100783,0.034067
0.710711,0.101809,0.0324155
0.712283,0.102831,0.0307609
0.713855,0.10385,0.0291031
0.715428,0.104866,0.0274429
0.717,0.105878,0.0257806
0.718572,0.106886,0.0241169
0.720145,0.107889,0.0224522
0.721717,0.108888,0.0207857
0.72329,0.109883,0.0191171
0.724862,0.110874,0.0174468
0.726434,0.111861,0.0157755
0.728007,0.112843,0.0141036
0.729579,0.113819,0.0124317
0.731151,0.11479,0.0107596
0.732724,0.115757,0.00908635
0.734296,0.116719,0.00741241
0.735869,0.117676,0.00573831
0.737441,0.118628,0.00406461
0.739013,0.119573,0.00239184
0.740586,0.120512,0.000720403
0.742158,0.121446,-0.000950891
0.74373,0.122374,-0.00262194
0.745303,0.123297,-0.00429218
0.746875,0.124213,-0.00596104
0.748447,0.125123,-0.00762796
0.75002,0.126025,-0.00929238
0.751592,0.126921,-0.010955
0.753165,0.127812,-0.0126164
0.754737,0.128696,-0.014276
0.756309,0.129573,-0.0159332
0.757882,0.130443,-0.0175875
0.759454,0.131305,-0.0192382
0.761026,0.132159,-0.0208854
0.762599,0.133006,-0.0225302
0.764171,0.133847,-0.0241723
0.765744,0.134681,-0.025811
0.767316,0.135506,-0.0274457
0.768888,0.136323,-0.0290758
0.770461,0.137131,-0.0307009
0.772033,0.137932,-0.0323221
0.773605,0.138725,-0.0339396
0.775178,0.139511,-0.0355528
0.77675,0.140288,-0.0371609
0.778323,0.141056,-0.0387634
0.779895,0.141814,-0.0403596
0.781467,0.142563,-0.0419502
0.78304,0.143305,-0.0435361
0.784612,0.144039,-0.0451166
0.786184,0.144763,-0.0466911
0.787757,0.145478,-0.0482589
0.789329,0.146183,-0.0498195
0.790901,0.146878,-0.0513725
0.792474,0.147564,-0.0529197
0.794046,0.148241,-0.0544606
0.795619,0.14891,-0.0559945
0.797191,0.149568,-0.0575207
0.798763,0.150216,-0.0590387
0.800336,0.150852,-0.0605476
0.801908,0.151479,-0.0620491
0.80348,0.152097,-0.0635434
0.805053,0.152706,-0.0650299
0.806625,0.153304,-0.0665077
0.808198,0.153891,-0.0679762
0.80977,0.154466,-0.0694347
0.811342,0.15503,-0.0708837
0.812915,0.155586,-0.0723247
0.814487,0.156132,-0.0737569
0.816059,0.156667,-0.0751796
0.817632,0.157191,-0.0765921
0.819204,0.157702,-0.0779937
0.820776,0.158201,-0.0793841
0.822349,0.158691,-0.0807653
0.823921,0.159171,-0.0821369
0.825494,0.15964,-0.0834983
0.827066,0.160098,-0.0848486
0.828638,0.160544,-0.0861872
0.830211,0.160976,-0.0875133
0.831783,0.161397,-0.0888285
0.833355,0.161809,-0.0901335
0.834928,0.162211,-0.0914275
0.8365,0.162601,-0.0927098
0.838073,0.162979,-0.0939796
0.839645,0.163343,-0.0952362
0.841217,0.163694,-0.0964799
0.84279,0.164037,-0.0977128
0.844362,0.164369,-0.0989341
0.845934,0.16469,-0.100143
0.847507,0.164999,-0.101339
0.849079,0.165294,-0.102521
0.850651,0.165574,-0.103689
0.852224,0.165845,-0.104845
0.853796,0.166108,-0.105988
0.855369,0.166359,-0.107119
0.856941,0.166599,-0.108237
0.858513,0.166824,-0.10934
0.860086,0.167033,-0.110428
0.861658,0.167232,-0.111503
0.86323,0.167424,-0.112565
0.864803,0.167606,-0.113614
0.866375,0.167777,-0.114649
0.867948,0.167933,-0.11567
0.86952,0.168073,-0.116675
0.871092,0.168198,-0.117665
0.872665,0.168321,-0.118642
0.874237,0.168437,-0.119606
0.875809,0.168541,-0.120556
0.877382,0.168631,-0.121491
0.878954,0.1687,-0.122411
0.880526,0.168746,-0.123314
0.882099,0.168785,-0.124204
0.883671,0.16882,-0.12508
0.885244,0.168851,-0.125943
0.886816,0.168874,-0.126791
0.888388,0.16889,-0.127623
0.889961,0.168895,-0.128438
0.891533,0.168886,-0.129239
0.893105,0.168858,-0.130027
0.894678,0.168815,-0.130801
0.89625,0.168762,-0.13156
0.897823,0.168702,-0.132304
0.899395,0.168639,-0.133031
0.900967,0.168571,-0.133742
0.90254,0.168485,-0.13444
0.904112,0.168383,-0.135125
0.905684,0.168267,-0.135795
0.907257,0.168141,-0.136451
0.908829,0.168009,-0.13709
0.910401,0.167873,-0.137712
0.911974,0.167726,-0.138321
0.913546,0.167565,-0.138917
0.915119,0.167392,-0.139499
0.916691,0.167209,-0.140067
0.918263,0.167018,-0.140619
0.919836,0.166821,-0.141154
0.921408,0.166616,-0.141674
0.92298,0.166399,-0.142182
0.924553,0.166171,-0.142678
0.926125,0.165933,-0.143159
0.927698,0.165688,-0.143626
0.92927,0.165435,-0.144076
0.930842,0.165176,-0.14451
0.932415,0.164907,-0.144932
0.933987,0.164627,-0.145343
0.935559,0.164338,-0.14574
0.937132,0.164042,-0.146123
0.938704,0.163738,-0.146491
0.940276,0.163429,-0.146841
0.941849,0.163111,-0.14718
0.943421,0.162784,-0.147508
0.944994,0.162448,-0.147824
0.946566,0.162105,-0.148127
0.948138,0.161755,-0.148415
0.949711,0.161399,-0.148687
0.951283,0.161037,-0.148944
0.952855,0.160666,-0.149193
0.954428,0.160288,-0.149431
0.956,0.159902,-0.149658
0.957573,0.15951,-0.14987
0.959145,0.159113,-0.150066
0.960717,0.15871,-0.150246
0.96229,0.1583,-0.150418
0.963862,0.157883,-0.150582
0.965434,0.15746,-0.150736
0.967007,0.15703,-0.150877
0.968579,0.156596,-0.151001
0.970151,0.156156,-0.151107
0.971724,0.155711,-0.151207
0.973296,0.15526,-0.151304
0.974869,0.154803,-0.151394
0.976441,0.15434,-0.151471
0.978013,0.153873,-0.151528
0.979586,0.153401,-0.151559
0.981158,0.152925,-0.151568
0.98273,0.152443,-0.151575
0.984303,0.151957,-0.151581
0.985875,0.151465,-0.151585
0.987448,0.150969,-0.151588
0.98902,0.150469,-0.15159
0.990592,0.149966,-0.151588
0.992165,0.149458,-0.151563
0.993737,0.148946,-0.151515
0.995309,0.14843,-0.15145
0.996882,0.147909,-0.151373
0.998454,0.147386,-0.151291
1.00003,0.146859,-0.15121
1.0016,0.146329,-0.151122
1.00317,0.145795,-0.151019
1.00474,0.145257,-0.150904
1.00632,0.144717,-0.150778
1.00789,0.144173,-0.150645
1.00946,0.143627,-0.150507
1.01103,0.143078,-0.150365
1.01261,0.142526,-0.15021
1.01418,0.141972,-0.150045
1.01575,0.141414,-0.149871
1.01732,0.140854,-0.14969
1.01889,0.140292,-0.149502
1.02047,0.139729,-0.14931
1.02204,0.139163,-0.149109
1.02361,0.138594,-0.148898
1.02518,0.138024,-0.148679
1.02676,0.137451,-0.148453
1.02833,0.136877,-0.148221
1.0299,0.136302,-0.147984
1.03147,0.135725,-0.147741
1.03305,0.135147,-0.147489
1.03462,0.134567,-0.14723
1.03619,0.133985,-0.146964
1.03776,0.133403,-0.146693
1.03934,0.132819,-0.146416
1.04091,0.132235,-0.146135
1.04248,0.13165,-0.145847
1.04405,0.131064,-0.145552
1.04563,0.130477,-0.145251
1.0472,0.129889,-0.144945
1.04877,0.129301,-0.144635
1.05034,0.128713,-0.14432
1.05191,0.128125,-0.144
1.05349,0.127535,-0.143674
1.05506,0.126946,-0.143343
1.05663,0.126356,-0.143007
1.0582,0.125767,-0.142668
1.05978,0.125178,-0.142324
1.06135,0.124589,-0.141977
1.06292,0.124,-0.141625
1.06449,0.123411,-0.141268
1.06607,0.122823,-0.140907
1.06764,0.122235,-0.140543
1.06921,0.121648,-0.140176
1.07078,0.121062,-0.139805
1.07236,0.120476,-0.139431
1.07393,0.119891,-0.139053
1.0755,0.119307,-0.138672
1.07707,0.118723,-0.138288
1.07864,0.118141,-0.137901
1.08022,0.11756,-0.137512
1.08179,0.11698,-0.13712
1.08336,0.116401,-0.136726
1.08493,0.115823,-0.136328
1.08651,0.115246,-0.135928
1.08808,0.114671,-0.135526
1.08965,0.114098,-0.135123
1.09122,0.113526,-0.134717
1.0928,0.112955,-0.134309
1.09437,0.112386,-0.1339
1.09594,0.111818,-0.133488
1.09751,0.111253,-0.133074
1.09909,0.110689,-0.13266
1.10066,0.110127,-0.132244
1.10223,0.109566,-0.131827
1.1038,0.109008,-0.131408
1.10538,0.108451,-0.130988
1.10695,0.107896,-0.130567
1.10852,0.107343,-0.130144
1.11009,0.106793,-0.129722
1.11166,0.106244,-0.129298
1.11324,0.105698,-0.128873
1.11481,0.105153,-0.128447
1.11638,0.10461,-0.128021
1.11795,0.10407,-0.127594
1.11953,0.103531,-0.127166
1.1211,0.102995,-0.126738
1.12267,0.102462,-0.12631
1.12424,0.10193,-0.125881
1.12582,0.1014,-0.125451
1.12739,0.100873,-0.125021
1.12896,0.100347,-0.124591
1.13053,0.0998246,-0.124161
1.13211,0.0993039,-0.12373
1.13368,0.0987854,-0.1233
1.13525,0.098269,-0.122869
1.13682,0.0977549,-0.122438
1.13839,0.0972431,-0.122006
1.13997,0.0967335,-0.121575
1.14154,0.0962261,-0.121144
1.14311,0.0957209,-0.120713
1.14468,0.0952179,-0.120282
1.14626,0.0947171,-0.119851
1.14783,0.0942185,-0.119419
1.1494,0.093722,-0.118988
1.15097,0.0932278,-0.118558
1.15255,0.0927357,-0.118127
1.15412,0.0922458,-0.117696
1.15569,0.091758,-0.117265
1.15726,0.0912723,-0.116835
1.15884,0.0907888,-0.116405
1.16041,0.0903074,-0.115975
1.16198,0.0898281,-0.115545
1.16355,0.0893509,-0.115115
1.16513,0.0888758,-0.114686
1.1667,0.0884027,-0.114256
1.16827,0.0879318,-0.113827
1.16984,0.0874629,-0.113399
1.17141,0.0869961,-0.112971
1.17299,0.0865314,-0.112542
1.17456,0.0860686,-0.112115
1.17613,0.0856079,-0.111687
1.1777,0.0851493,-0.11126
1.17928,0.0846927,-0.110834
1.18085,0.0842383,-0.110408
1.18242,0.0837859,-0.109982
1.18399,0.0833354,-0.109557
1.18557,0.082887,-0.109132
1.18714,0.0824407,-0.108708
1.18871,0.0819965,-0.108284
1.19028,0.0815545,-0.107861
1.19186,0.0811146,-0.107439
1.19343,0.0806767,-0.107017
1.195,0.0802408,-0.106596
1.19657,0.0798071,-0.106176
1.19814,0.0793756,-0.105757
1.19972,0.0789464,-0.105339
1.20129,0.0785196,-0.104921
1.20286,0.0780947,-0.104505
1.20443,0.077672,-0.104089
1.20601,0.0772515,-0.103675
1.20758,0.0768334,-0.103261
1.20915,0.0764178,-0.102849
1.21072,0.0760047,-0.102439
1.2123,0.0755939,-0.10203
1.21387,0.0751852,-0.101622
1.21544,0.0747789,-0.101215
1.21701,0.0743752,-0.10081
1.21859,0.0739741,-0.100406
1.22016,0.0735758,-0.100005
1.22173,0.0731799,-0.0996049
1.2233,0.0727865,-0.0992065
1.22488,0.0723955,-0.0988098
1.22645,0.0720072,-0.098415
1.22802,0.0716217,-0.0980223
1.22959,0.0712391,-0.0976319
1.23116,0.0708594,-0.0972438
1.23274,0.0704823,-0.0968575
1.23431,0.0701077,-0.0964732
1.23588,0.069736,-0.0960911
1.23745,0.0693671,-0.0957114
1.23903,0.0690012,-0.0953342
1.2406,0.0686384,-0.0949598
1.24217,0.0682784,-0.0945876
1.24374,0.0679211,-0.0942177
1.24532,0.0675667,-0.0938502
1.24689,0.0672151,-0.0934853
1.24846,0.0668666,-0.093123
1.25003,0.0665211,-0.0927636
1.25161,0.0661786,-0.0924069
1.25318,0.0658389,-0.0920526
1.25475,0.065502,-0.0917009
1.25632,0.065168,-0.0913518
1.25789,0.0648369,-0.0910053
1.25947,0.0645086,-0.0906616
1.26104,0.0641833,-0.0903206
1.26261,0.0638608,-0.0899822
1.26418,0.063541,-0.0896464
1.26576,0.063224,-0.0893131
1.26733,0.0629096,-0.0889823
1.2689,0.0625978,-0.0886539
1.27047,0.0622886,-0.088328
1.27205,0.0619821,-0.0880045
1.27362,0.0616782,-0.0876835
1.27519,0.0613768,-0.0873649
1.27676,0.0610777,-0.0870484
1.27834,0.0607809,-0.0867339
1.27991,0.0604862,-0.0864213
1.28148,0.0601938,-0.0861108
1.28305,0.0599037,-0.0858024
1.28463,0.0596158,-0.085496
1.2862,0.0593299,-0.0851914
1.28777,0.0590458,-0.0848884
1.28934,0.0587635,-0.0845866
1.29091,0.0584828,-0.0842861
1.29249,0.058204,-0.0839873
1.29406,0.057927,-0.08369
1.29563,0.0576517,-0.0833941
1.2972,0.0573779,-0.0830992
1.29878,0.0571053,-0.0828051
1.30035,0.0568338,-0.0825116
1.30192,0.0565637,-0.082219
1.30349,0.0562951,-0.0819275
1.30507,0.0560277,-0.0816368
1.30664,0.0557614,-0.0813467
1.30821,0.0554961,-0.081057
1.30978,0.0552316,-0.0807675
1.31136,0.054968,-0.0804783
1.31293,0.0547054,-0.0801896
1.3145,0.0544437,-0.0799012
1.31607,0.0541829,-0.0796132
1.31764,0.053923,-0.0793254
1.31922,0.0536637,-0.0790377
1.32079,0.0534051,-0.07875
1.32236,0.0531472,-0.0784624
1.32393,0.05289,-0.0781749
1.32551,0.0526336,-0.0778875
1.32708,0.052378,-0.0776004
1.32865,0.0521232,-0.0773136
1.33022,0.0518692,-0.0770271
1.3318,0.0516159,-0.0767406
1.33337,0.0513632,-0.0764542
1.33494,0.0511114,-0.076168
1.33651,0.0508604,-0.0758824
1.33809,0.0506106,-0.0755974
1.33966,0.050362,-0.0753135
1.34123,0.0501146,-0.0750303
1.3428,0.0498679,-0.0747474
1.34438,0.0496222,-0.0744651
1.34595,0.0493778,-0.0741838
1.34752,0.0491349,-0.0739039
1.34909,0.0488937,-0.0736258
1.35066,0.0486544,-0.0733496
1.35224,0.0484163,-0.0730745
1.35381,0.0481796,-0.0728006
1.35538,0.0479446,-0.0725283
1.35695,0.0477115,-0.0722582
1.35853,0.0474807,-0.0719907
1.3601,0.0472525,-0.0717264
1.36167,0.0470264,-0.0714645
1.36324,0.046802,-0.0712045
1.36482,0.0465798,-0.0709469
1.36639,0.04636,-0.0706921
1.36796,0.0461429,-0.0704409
1.36953,0.0459288,-0.0701936
1.37111,0.0457178,-0.0699502
1.37268,0.0455091,-0.0697095
1.37425,0.0453029,-0.0694719
1.37582,0.0450994,-0.0692377
1.37739,0.0448989,-0.0690075
1.37897,0.0447016,-0.0687818
1.38054,0.0445079,-0.0685607
1.38211,0.0443169,-0.0683433
1.38368,0.0441288,-0.0681295
1.38526,0.0439435,-0.0679194
1.38683,0.0437612,-0.0677135
1.3884,0.0435821,-0.0675119
1.38997,0.0434064,-0.0673149
1.39155,0.0432337,-0.0671223
1.39312,0.0430639,-0.0669334
1.39469,0.042897,-0.0667482
1.39626,0.0427329,-0.066567
1.39784,0.0425716,-0.0663897
1.39941,0.0424133,-0.0662165
1.40098,0.0422578,-0.0660473
1.40255,0.0421049,-0.0658816
1.40413,0.0419547,-0.0657195
1.4057,0.0418069,-0.0655608
1.40727,0.0416617,-0.0654055
1.40884,0.0415189,-0.0652537
1.41041,0.0413784,-0.0651052
1.41199,0.0412401,-0.0649596
1.41356,0.041104,-0.064817
1.41513,0.0409701,-0.0646773
1.4167,0.0408384,-0.0645408
1.41828,0.0407089,-0.0644073
1.41985,0.0405817,-0.0642771
1.42142,0.0404563,-0.0641496
1.42299,0.0403326,-0.064024
1.42457,0.0402108,-0.0639011
1.42614,0.0400913,-0.0637814
1.42771,0.0399742,-0.0636654
1.42928,0.03986,-0.0635538
1.43086,0.0397486,-0.0634463
1.43243,0.0396383,-0.0633399
1.434,0.0395299,-0.0632357
1.43557,0.0394241,-0.0631354
1.43714,0.0393218,-0.0630409
1.43872,0.0392239,-0.0629537
1.44029,0.0391312,-0.0628755
1.44186,0.0390403,-0.0627965
1.44343,0.0389507,-0.0627162
1.44501,0.0388645,-0.0626406
1.44658,0.0387835,-0.0625759
1.44815,0.0387098,-0.0625281
1.44972,0.0386454,-0.0625035
1.4513,0.0385864,-0.0624974
1.45287,0.0385258,-0.0624926
1.45444,0.0384678,-0.0624887
1.45601,0.0384172,-0.0624856
1.45759,0.0383785,-0.0624836
1.45916,0.0383565,-0.0624825
1.46073,0.0383535,-0.0624866
1.4623,0.0383561,-0.0625225
1.46388,0.0383611,-0.0625887
1.46545,0.0383683,-0.062678
1.46702,0.0383776,-0.0627829
1.46859,0.0383887,-0.0628963
1.47016,0.0384016,-0.0630111
1.47174,0.0384313,-0.0631433
1.47331,0.0384845,-0.0633033
1.47488,0.0385559,-0.0634866
1.47645,0.0386403,-0.0636886
1.47803,0.0387323,-0.0639046
1.4796,0.0388269,-0.0641301
1.48117,0.0389256,-0.0643678
1.48274,0.0390411,-0.0646317
1.48432,0.0391712,-0.0649186
1.48589,0.0393129,-0.0652243
1.48746,0.0394632,-0.0655448
1.48903,0.0396191,-0.0658761
1.49061,0.0397785,-0.0662155
1.49218,0.0399489,-0.0665738
1.49375,0.0401307,-0.0669513
1.49532,0.0403219,-0.0673449
1.49689,0.0405202,-0.0677511
1.49847,0.0407236,-0.0681667
1.50004,0.0409298,-0.0685885
1.50161,0.0411405,-0.0690188
1.50318,0.0413581,-0.0694612
1.50476,0.041582,-0.0699154
1.50633,0.041812,-0.0703806
1.5079,0.0420476,-0.0708565
1.50947,0.0422884,-0.0713423
1.51105,0.0425335,-0.0718362
1.51262,0.0427813,-0.0723358
1.51419,0.0430345,-0.0728453
1.51576,0.0432956,-0.0733694
1.51734,0.0435673,-0.0739129
1.51891,0.0438523,-0.0744806
1.52048,0.0441526,-0.075076
1.52205,0.0444636,-0.0756902
1.52363,0.0447872,-0.0763263
1.5252,0.0451279,-0.0769927
1.52677,0.0454902,-0.0776981
1.52834,0.0458787,-0.078451
1.52991,0.046298,-0.0792599
1.53149,0.0467531,-0.0801318
1.53306,0.0472475,-0.0810709
1.53463,0.0477831,-0.0820819
1.5362,0.0483618,-0.0831692
1.53778,0.0489856,-0.0843374
1.53935,0.0496564,-0.0855911
1.54092,0.0503819,-0.0869439
1.54249,0.0511869,-0.0884352
1.54407,0.0520706,-0.0900645
1.54564,0.0530294,-0.0918267
1.54721,0.0540593,-0.0937163
1.54878,0.0551567,-0.0957283
1.55036,0.0563189,-0.0978592
1.55193,0.057573,-0.100155
1.5535,0.0589341,-0.10264
1.55507,0.0604048,-0.105322
1.55665,0.0619877,-0.108206
1.55822,0.0636854,-0.111298
1.55979,0.0655005,-0.114603
1.56136,0.0674214,-0.118101
1.56293,0.0694588,-0.121808
1.56451,0.0716689,-0.125827
1.56608,0.0741085,-0.13026
1.56765,0.0768344,-0.135209
1.56922,0.0799035,-0.140777
1.5708,0.0834903,-0.147277
