# 20241120_125229
# initdata:	data/init_real_sigmamasses_consteps_20241119_171318/init35.csv
# particle mass:	0.92
# NpT:	500
# pTmax:	5
# epsabs:	0
# epsrel:	1e-05
# integr iter:	10000
pT,abs2Re,abs2Im
0,1944.91,0
0.01002,1908.36,0
0.0200401,1802.78,0
0.0300601,1639.64,0
0.0400802,1435.83,0
0.0501002,1210.81,0
0.0601202,983.559,0
0.0701403,769.995,0
0.0801603,581.273,0
0.0901804,423.321,0
0.1002,297.447,0
0.11022,201.63,0
0.12024,131.994,0
0.130261,83.9863,0
0.140281,53.0543,0
0.150301,34.8695,0
0.160321,25.368,0
0.170341,20.8725,0
0.180361,18.4028,0
0.190381,16.044,0
0.200401,13.1164,0
0.210421,9.95425,0
0.220441,7.33326,0
0.230461,5.82638,0
0.240481,5.43522,0
0.250501,5.67738,0
0.260521,6.00539,0
0.270541,6.21468,0
0.280561,6.52516,0
0.290581,7.2924,0
0.300601,8.60558,0
0.310621,10.1246,0
0.320641,11.3079,0
0.330661,11.8515,0
0.340681,11.9413,0
0.350701,12.1089,0
0.360721,12.7662,0
0.370741,13.8366,0
0.380762,14.807,0
0.390782,15.175,0
0.400802,14.9002,0
0.410822,14.4493,0
0.420842,14.381,0
0.430862,14.8362,0
0.440882,15.4154,0
0.450902,15.5504,0
0.460922,15.045,0
0.470942,14.2652,0
0.480962,13.7958,0
0.490982,13.8869,0
0.501002,14.2235,0
0.511022,14.2439,0
0.521042,13.695,0
0.531062,12.8764,0
0.541082,12.3327,0
0.551102,12.3048,0
0.561122,12.4958,0
0.571142,12.384,0
0.581162,11.7584,0
0.591182,10.924,0
0.601202,10.3712,0
0.611222,10.2626,0
0.621242,10.2777,0
0.631263,9.9684,0
0.641283,9.23838,0
0.651303,8.4327,0
0.661323,7.95561,0
0.671343,7.84054,0
0.681363,7.7387,0
0.691383,7.32263,0
0.701403,6.64703,0
0.711423,6.07224,0
0.721443,5.8519,0
0.731463,5.85746,0
0.741483,5.74263,0
0.751503,5.34427,0
0.761523,4.85605,0
0.771543,4.5862,0
0.781563,4.59357,0
0.791583,4.62604,0
0.801603,4.42093,0
0.811623,4.00552,0
0.821643,3.64839,0
0.831663,3.53312,0
0.841683,3.54855,0
0.851703,3.43625,0
0.861723,3.10507,0
0.871743,2.73236,0
0.881764,2.54145,0
0.891784,2.53713,0
0.901804,2.5169,0
0.911824,2.33014,0
0.921844,2.05848,0
0.931864,1.90207,0
0.941884,1.92577,0
0.951904,1.98341,0
0.961924,1.90548,0
0.971944,1.70597,0
0.981964,1.55175,0
0.991984,1.54356,0
1.002,1.59106,0
1.01202,1.53373,0
1.02204,1.34531,0
1.03206,1.16144,0
1.04208,1.10364,0
1.0521,1.13111,0
1.06212,1.10501,0
1.07214,0.972682,0
1.08216,0.831358,0
1.09218,0.796118,0
1.1022,0.851179,0
1.11222,0.875963,0
1.12224,0.803782,0
1.13226,0.702132,0
1.14228,0.675068,0
1.1523,0.723286,0
1.16232,0.745953,0
1.17234,0.675306,0
1.18236,0.562511,0
1.19238,0.505583,0
1.2024,0.521488,0
1.21242,0.532062,0
1.22244,0.475175,0
1.23246,0.38748,0
1.24248,0.35106,0
1.25251,0.382144,0
1.26253,0.412878,0
1.27255,0.385595,0
1.28257,0.327891,0
1.29259,0.309147,0
1.30261,0.342873,0
1.31263,0.369023,0
1.32265,0.33669,0
1.33267,0.271459,0
1.34269,0.237691,0
1.35271,0.25159,0
1.36273,0.264323,0
1.37275,0.233707,0
1.38277,0.182337,0
1.39279,0.163929,0
1.40281,0.188622,0
1.41283,0.211327,0
1.42285,0.195767,0
1.43287,0.16258,0
1.44289,0.156343,0
1.45291,0.181119,0
1.46293,0.19526,0
1.47295,0.170242,0
1.48297,0.129519,0
1.49299,0.114572,0
1.50301,0.128247,0
1.51303,0.134468,0
1.52305,0.111633,0
1.53307,0.0827736,0
1.54309,0.081552,0
1.55311,0.104608,0
1.56313,0.117406,0
1.57315,0.103114,0
1.58317,0.0842328,0
1.59319,0.0881832,0
1.60321,0.107378,0
1.61323,0.110709,0
1.62325,0.0877438,0
1.63327,0.0626155,0
1.64329,0.059469,0
1.65331,0.0701343,0
1.66333,0.068977,0
1.67335,0.0511752,0
1.68337,0.0388725,0
1.69339,0.0480221,0
1.70341,0.0650958,0
1.71343,0.0667391,0
1.72345,0.0527785,0
1.73347,0.0449734,0
1.74349,0.0545303,0
1.75351,0.0659389,0
1.76353,0.0596935,0
1.77355,0.0401851,0
1.78357,0.0289834,0
1.79359,0.0344512,0
1.80361,0.0417317,0
1.81363,0.0360458,0
1.82365,0.0242012,0
1.83367,0.0235575,0
1.84369,0.0359142,0
1.85371,0.0447637,0
1.86373,0.0390908,0
1.87375,0.0284583,0
1.88377,0.0280246,0
1.89379,0.0363113,0
1.90381,0.0380699,0
1.91383,0.0270897,0
1.92385,0.0152147,0
1.93387,0.015096,0
1.94389,0.0226062,0
1.95391,0.0241841,0
1.96393,0.0172381,0
1.97395,0.0133225,0
1.98397,0.0202034,0
1.99399,0.02986,0
2.00401,0.029903,0
2.01403,0.0211515,0
2.02405,0.0157232,0
2.03407,0.0191842,0
2.04409,0.0231924,0
2.05411,0.0187188,0
2.06413,0.00958395,0
2.07415,0.00657612,0
2.08417,0.0116343,0
2.09419,0.0156856,0
2.10421,0.0126791,0
2.11423,0.0084215,0
2.12425,0.0112826,0
2.13427,0.0190908,0
2.14429,0.0218325,0
2.15431,0.0159722,0
2.16433,0.0092256,0
2.17435,0.00918237,0
2.18437,0.0128771,0
2.19439,0.0122512,0
2.20441,0.00660169,0
2.21443,0.00338891,0
2.22445,0.00680739,0
2.23447,0.0116136,0
2.24449,0.0111886,0
2.25451,0.00733003,0
2.26453,0.0071131,0
2.27455,0.0118814,0
2.28457,0.0150114,0
2.29459,0.0116306,0
2.30461,0.00565785,0
2.31463,0.00392245,0
2.32465,0.00647089,0
2.33467,0.00736583,0
2.34469,0.00419121,0
2.35471,0.00167176,0
2.36473,0.00422012,0
2.37475,0.00899147,0
2.38477,0.00995259,0
2.39479,0.00669546,0
2.40481,0.00476207,0
2.41483,0.00719901,0
2.42485,0.0100921,0
2.43487,0.00854428,0
2.44489,0.00391143,0
2.45491,0.00161817,0
2.46493,0.00322824,0
2.47495,0.00474207,0
2.48497,0.00324011,0
2.49499,0.00142102,0
2.50501,0.00318742,0
2.51503,0.00725299,0
2.52505,0.00865045,0
2.53507,0.00590584,0
2.54509,0.00309195,0
2.55511,0.00378005,0
2.56513,0.00600503,0
2.57515,0.00557216,0
2.58517,0.00243767,0
2.59519,0.000595436,0
2.60521,0.00198789,0
2.61523,0.00383472,0
2.62525,0.00321557,0
2.63527,0.00163277,0
2.64529,0.00254419,0
2.65531,0.00575653,0
2.66533,0.00733542,0
2.67535,0.0052324,0
2.68537,0.00219289,0
2.69539,0.00169683,0
2.70541,0.00312294,0
2.71543,0.00321687,0
2.72545,0.00128853,0
2.73547,0.000157535,0
2.74549,0.00164167,0
2.75551,0.00369288,0
2.76553,0.00354292,0
2.77555,0.0019281,0
2.78557,0.00189615,0
2.79559,0.00405653,0
2.80561,0.00552426,0
2.81563,0.00412993,0
2.82565,0.0015339,0
2.83567,0.000689361,0
2.84569,0.00165137,0
2.85571,0.00198387,0
2.86573,0.000824519,0
2.87575,0.000208539,0
2.88577,0.00170917,0
2.89579,0.00373105,0
2.90581,0.00372093,0
2.91583,0.00195197,0
2.92585,0.00111732,0
2.93587,0.00234565,0
2.94589,0.00361684,0
2.95591,0.00283992,0
2.96593,0.000872889,0
2.97595,7.73079e-05,0
2.98597,0.000834734,0
2.99599,0.00133623,0
3.00601,0.00069359,0
3.01603,0.000366124,0
3.02605,0.00170396,0
3.03607,0.00353137,0
3.04609,0.00363298,0
3.05611,0.00195935,0
3.06613,0.000703402,0
3.07615,0.00114552,0
3.08617,0.00199579,0
3.09619,0.00157177,0
3.10621,0.000352199,0
3.11623,8.23135e-05,0
3.12625,0.00100808,0
3.13627,0.00157861,0
3.14629,0.00097988,0
3.15631,0.000457456,0
3.16633,0.00133755,0
3.17635,0.00282212,0
3.18637,0.00300374,0
3.19639,0.00160652,0
3.20641,0.000340643,0
3.21643,0.000413232,0
3.22645,0.000983928,0
3.23647,0.000756704,0
3.24649,7.67259e-05,0
3.25651,0.00028234,0
3.26653,0.0014383,0
3.27655,0.00207826,0
3.28657,0.00140282,0
3.29659,0.000531304,0
3.30661,0.000845597,0
3.31663,0.00192383,0
3.32665,0.00217264,0
3.33667,0.00115756,0
3.34669,0.000133799,0
3.35671,0.000118495,0
3.36673,0.000538922,0
3.37675,0.000418301,0
3.38677,6.07182e-05,0
3.39679,0.000520221,0
3.40681,0.00172893,0
3.41683,0.00232537,0
3.42685,0.00158485,0
3.43687,0.000534526,0
3.44689,0.000507679,0
3.45691,0.00127026,0
3.46693,0.00148509,0
3.47695,0.000737229,0
3.48697,5.89352e-05,0
3.49699,0.000277667,0
3.50701,0.000809216,0
3.51703,0.000704218,0
3.52705,0.000217356,0
3.53707,0.000409689,0
3.54709,0.00140821,0
3.55711,0.00205183,0
3.56713,0.00151692,0
3.57715,0.000481279,0
3.58717,0.000109276,0
3.59719,0.000442067,0
3.60721,0.000579035,0
3.61723,0.000213107,0
3.62725,7.10232e-05,0
3.63727,0.000635443,0
3.64729,0.00125136,0
3.65731,0.00108004,0
3.66733,0.000428537,0
3.67735,0.000350727,0
3.68737,0.00107366,0
3.69739,0.0016258,0
3.70741,0.00122838,0
3.71743,0.000365859,0
3.72745,2.04436e-07,0
3.73747,0.000211987,0
3.74749,0.000305753,0
3.75752,6.31681e-05,0
3.76754,9.3146e-05,0
3.77756,0.000748683,0
3.78758,0.00138682,0
3.7976,0.00121914,0
3.80762,0.000491501,0
3.81764,0.000171168,0
3.82766,0.000579561,0
3.83768,0.000998602,0
3.8477,0.000781863,0
3.85772,0.000256103,0
3.86774,0.000117442,0
3.87776,0.000360987,0
3.88778,0.000407079,0
3.8978,0.000133896,0
3.90782,0.0001163,0
3.91784,0.000674891,0
3.92786,0.00125102,0
3.93788,0.00113604,0
3.9479,0.000477641,0
3.95792,5.03661e-05,0
3.96794,0.000164565,0
3.97796,0.000358387,0
3.98798,0.0002467,0
3.998,0.000125766,0
4.00802,0.000402598,0
4.01804,0.00082389,0
4.02806,0.000795842,0
4.03808,0.000331368,0
4.0481,0.000118233,0
4.05812,0.000530339,0
4.06814,0.00105265,0
4.07816,0.000994338,0
4.08818,0.000434684,0
4.0982,3.21984e-05,0
4.10822,6.52615e-05,0
4.11824,0.000168966,0
4.12826,6.56601e-05,0
4.13828,4.60401e-05,0
4.1483,0.000431772,0
4.15832,0.000921549,0
4.16834,0.000928781,0
4.17836,0.000444505,0
4.18838,9.28462e-05,0
4.1984,0.000259366,0
4.20842,0.000586363,0
4.21844,0.000559183,0
4.22846,0.000254487,0
4.23848,0.000134511,0
4.2485,0.000286169,0
4.25852,0.000331957,0
4.26854,0.000123167,0
4.27856,5.93227e-05,0
4.28858,0.000471249,0
4.2986,0.00101326,0
4.30862,0.00105594,0
4.31864,0.000549345,0
4.32866,8.54954e-05,0
4.33868,7.8115e-05,0
4.3487,0.000275523,0
4.35872,0.000266527,0
4.36874,0.000128313,0
4.37876,0.000222693,0
4.38878,0.000528227,0
4.3988,0.000613994,0
4.40882,0.000318916,0
4.41884,6.06777e-05,0
4.42886,0.000251597,0
4.43888,0.000681895,0
4.4489,0.000799027,0
4.45892,0.000466319,0
4.46894,9.29569e-05,0
4.47896,1.04952e-05,0
4.48898,7.74136e-05,0
4.499,5.13238e-05,0
4.50902,4.55579e-05,0
4.51904,0.000309783,0
4.52906,0.000710937,0
4.53908,0.000804726,0
4.5491,0.000458845,0
4.55912,8.5739e-05,0
4.56914,9.88042e-05,0
4.57916,0.000374407,0
4.58918,0.000486638,0
4.5992,0.000322109,0
4.60922,0.000161181,0
4.61924,0.000182074,0
4.62926,0.000212201,0
4.63928,9.20108e-05,0
4.6493,1.24437e-05,0
4.65932,0.000238161,0
4.66934,0.000634635,0
4.67936,0.000769253,0
4.68938,0.000485944,0
4.6994,0.000113841,0
4.70942,1.12711e-05,0
4.71944,0.000127578,0
4.72946,0.00019019,0
4.73948,0.000154117,0
4.7495,0.000203892,0
4.75952,0.000364382,0
4.76954,0.000402659,0
4.77956,0.000206121,0
4.78958,2.2207e-05,0
4.7996,0.000134487,0
4.80962,0.000438853,0
4.81964,0.000567188,0
4.82966,0.000384236,0
4.83968,0.000129543,0
4.8497,3.66472e-05,0
4.85972,4.50334e-05,0
4.86974,1.68192e-05,0
4.87976,4.14282e-05,0
4.88978,0.000288831,0
4.8998,0.000639701,0
4.90982,0.000733739,0
4.91984,0.000445573,0
4.92986,9.40589e-05,0
4.93988,4.21614e-05,0
4.9499,0.00024205,0
4.95992,0.000360857,0
4.96994,0.000263426,0
4.97996,0.000137473,0
4.98998,0.000139088,0
5,0.000161197,0
