# 20240731_151921
alpha,rRe,rIm
0,0,0
0.00157237,0.0196368,0
0.00314474,0.0392836,0
0.00471711,0.0589564,0
0.00628947,0.0786479,0
0.00786184,0.0983565,0
0.00943421,0.118081,0
0.0110066,0.13782,0
0.0125789,0.157572,0
0.0141513,0.177336,0
0.0157237,0.197111,0
0.0172961,0.216897,0
0.0188684,0.236692,0
0.0204408,0.256495,0
0.0220132,0.276306,0
0.0235855,0.296124,0
0.0251579,0.315948,0
0.0267303,0.335779,0
0.0283026,0.355615,0
0.029875,0.375455,0
0.0314474,0.3953,0
0.0330197,0.415149,0
0.0345921,0.435002,0
0.0361645,0.454858,0
0.0377368,0.474718,0
0.0393092,0.49458,0
0.0408816,0.514445,0
0.042454,0.534312,0
0.0440263,0.554182,0
0.0455987,0.574054,0
0.0471711,0.593928,0
0.0487434,0.613804,0
0.0503158,0.633682,0
0.0518882,0.653562,0
0.0534605,0.673444,0
0.0550329,0.693328,0
0.0566053,0.713214,0
0.0581776,0.733102,0
0.05975,0.752992,0
0.0613224,0.772884,0
0.0628947,0.792777,0
0.0644671,0.812673,0
0.0660395,0.832572,0
0.0676119,0.852472,0
0.0691842,0.872375,0
0.0707566,0.89228,0
0.072329,0.912188,0
0.0739013,0.932099,0
0.0754737,0.952012,0
0.0770461,0.971928,0
0.0786184,0.991847,0
0.0801908,1.01177,0
0.0817632,1.03169,0
0.0833355,1.05162,0
0.0849079,1.07156,0
0.0864803,1.09149,0
0.0880526,1.11143,0
0.089625,1.13137,0
0.0911974,1.15132,0
0.0927698,1.17127,0
0.0943421,1.19122,0
0.0959145,1.21118,0
0.0974869,1.23115,0
0.0990592,1.25111,0
0.100632,1.27109,0
0.102204,1.29106,0
0.103776,1.31104,0
0.105349,1.33103,0
0.106921,1.35102,0
0.108493,1.37101,0
0.110066,1.39101,0
0.111638,1.41102,0
0.113211,1.43103,0
0.114783,1.45105,0
0.116355,1.47107,0
0.117928,1.49109,0
0.1195,1.51113,0
0.121072,1.53116,0
0.122645,1.55121,0
0.124217,1.57126,0
0.125789,1.59131,0
0.127362,1.61137,0
0.128934,1.63144,0
0.130507,1.65151,0
0.132079,1.67159,0
0.133651,1.69167,0
0.135224,1.71176,0
0.136796,1.73186,0
0.138368,1.75196,0
0.139941,1.77207,0
0.141513,1.79218,0
0.143086,1.8123,0
0.144658,1.83243,0
0.14623,1.85256,0
0.147803,1.8727,0
0.149375,1.89285,0
0.150947,1.913,0
0.15252,1.93316,0
0.154092,1.95332,0
0.155665,1.97349,0
0.157237,1.99367,0
0.158809,2.01385,0
0.160382,2.03404,0
0.161954,2.05424,0
0.163526,2.07444,0
0.165099,2.09465,0
0.166671,2.11487,0
0.168243,2.13509,0
0.169816,2.15532,0
0.171388,2.17556,0
0.172961,2.1958,0
0.174533,2.21605,0
0.176105,2.2363,0
0.177678,2.25656,0
0.17925,2.27683,0
0.180822,2.29711,0
0.182395,2.31739,0
0.183967,2.33767,0
0.18554,2.35797,0
0.187112,2.37827,0
0.188684,2.39858,0
0.190257,2.41889,0
0.191829,2.43921,0
0.193401,2.45954,0
0.194974,2.47987,0
0.196546,2.50021,0
0.198118,2.52056,0
0.199691,2.54091,0
0.201263,2.56127,0
0.202836,2.58163,0
0.204408,2.602,0
0.20598,2.62238,0
0.207553,2.64277,0
0.209125,2.66316,0
0.210697,2.68356,0
0.21227,2.70396,0
0.213842,2.72437,0
0.215415,2.74479,0
0.216987,2.76521,0
0.218559,2.78564,0
0.220132,2.80607,0
0.221704,2.82651,0
0.223276,2.84696,0
0.224849,2.86742,0
0.226421,2.88788,0
0.227993,2.90834,0
0.229566,2.92881,0
0.231138,2.94929,0
0.232711,2.96978,0
0.234283,2.99027,0
0.235855,3.01076,0
0.237428,3.03126,0
0.239,3.05177,0
0.240572,3.07228,0
0.242145,3.0928,0
0.243717,3.11333,0
0.24529,3.13386,0
0.246862,3.15439,0
0.248434,3.17493,0
0.250007,3.19548,0
0.251579,3.21603,0
0.253151,3.23659,0
0.254724,3.25715,0
0.256296,3.27772,0
0.257868,3.29829,0
0.259441,3.31887,0
0.261013,3.33945,0
0.262586,3.36004,0
0.264158,3.38063,0
0.26573,3.40123,0
0.267303,3.42183,0
0.268875,3.44244,0
0.270447,3.46305,0
0.27202,3.48367,0
0.273592,3.50429,0
0.275165,3.52491,0
0.276737,3.54554,0
0.278309,3.56617,0
0.279882,3.5868,0
0.281454,3.60744,0
0.283026,3.62809,0
0.284599,3.64873,0
0.286171,3.66938,0
0.287743,3.69004,0
0.289316,3.71069,0
0.290888,3.73135,0
0.292461,3.75201,0
0.294033,3.77268,0
0.295605,3.79334,0
0.297178,3.81401,0
0.29875,3.83469,0
0.300322,3.85536,0
0.301895,3.87604,0
0.303467,3.89671,0
0.30504,3.91739,0
0.306612,3.93808,0
0.308184,3.95876,0
0.309757,3.97944,0
0.311329,4.00013,0
0.312901,4.02081,0
0.314474,4.0415,0
0.316046,4.06218,0
0.317618,4.08287,0
0.319191,4.10356,0
0.320763,4.12425,0
0.322336,4.14493,0
0.323908,4.16562,0
0.32548,4.1863,0
0.327053,4.20699,0
0.328625,4.22767,0
0.330197,4.24835,0
0.33177,4.26904,0
0.333342,4.28971,0
0.334915,4.31039,0
0.336487,4.33107,0
0.338059,4.35174,0
0.339632,4.37241,0
0.341204,4.39308,0
0.342776,4.41374,0
0.344349,4.4344,0
0.345921,4.45506,0
0.347493,4.47571,0
0.349066,4.49636,0
0.350638,4.51701,0
0.352211,4.53765,0
0.353783,4.55828,0
0.355355,4.57891,0
0.356928,4.59954,0
0.3585,4.62016,0
0.360072,4.64077,0
0.361645,4.66138,0
0.363217,4.68198,0
0.36479,4.70258,0
0.366362,4.72316,0
0.367934,4.74374,0
0.369507,4.76432,0
0.371079,4.78488,0
0.372651,4.80544,0
0.374224,4.82599,0
0.375796,4.84653,0
0.377368,4.86706,0
0.378941,4.88759,0
0.380513,4.9081,0
0.382086,4.9286,0
0.383658,4.9491,0
0.38523,4.96958,0
0.386803,4.99006,0
0.388375,5.01052,0
0.389947,5.03097,0
0.39152,5.05141,0
0.393092,5.07183,0
0.394665,5.09225,0
0.396237,5.11265,0
0.397809,5.13304,0
0.399382,5.15342,0
0.400954,5.17378,0
0.402526,5.19413,0
0.404099,5.21447,0
0.405671,5.23479,0
0.407243,5.2551,0
0.408816,5.27539,0
0.410388,5.29567,0
0.411961,5.31593,0
0.413533,5.33618,0
0.415105,5.35641,0
0.416678,5.37662,0
0.41825,5.39681,0
0.419822,5.41699,0
0.421395,5.43715,0
0.422967,5.4573,0
0.42454,5.47742,0
0.426112,5.49753,0
0.427684,5.51762,0
0.429257,5.53769,0
0.430829,5.55773,0
0.432401,5.57776,0
0.433974,5.59777,0
0.435546,5.61776,0
0.437118,5.63773,0
0.438691,5.65767,0
0.440263,5.6776,0
0.441836,5.6975,0
0.443408,5.71738,0
0.44498,5.73724,0
0.446553,5.75708,0
0.448125,5.77689,0
0.449697,5.79668,0
0.45127,5.81644,0
0.452842,5.83618,0
0.454415,5.8559,0
0.455987,5.87559,0
0.457559,5.89525,0
0.459132,5.91489,0
0.460704,5.9345,0
0.462276,5.95409,0
0.463849,5.97365,0
0.465421,5.99318,0
0.466994,6.01269,0
0.468566,6.03217,0
0.470138,6.05162,0
0.471711,6.07104,0
0.473283,6.09043,0
0.474855,6.10979,0
0.476428,6.12912,0
0.478,6.14843,0
0.479572,6.1677,0
0.481145,6.18694,0
0.482717,6.20616,0
0.48429,6.22534,0
0.485862,6.24448,0
0.487434,6.2636,0
0.489007,6.28268,0
0.490579,6.30173,0
0.492151,6.32075,0
0.493724,6.33974,0
0.495296,6.35869,0
0.496869,6.3776,0
0.498441,6.39648,0
0.500013,6.41533,0
0.501586,6.43414,0
0.503158,6.45292,0
0.50473,6.47166,0
0.506303,6.49036,0
0.507875,6.50902,0
0.509447,6.52765,0
0.51102,6.54625,0
0.512592,6.5648,0
0.514165,6.58331,0
0.515737,6.60179,0
0.517309,6.62023,0
0.518882,6.63862,0
0.520454,6.65698,0
0.522026,6.6753,0
0.523599,6.69358,0
0.525171,6.71181,0
0.526744,6.73001,0
0.528316,6.74816,0
0.529888,6.76627,0
0.531461,6.78434,0
0.533033,6.80237,0
0.534605,6.82035,0
0.536178,6.83829,0
0.53775,6.85619,0
0.539322,6.87404,0
0.540895,6.89184,0
0.542467,6.90961,0
0.54404,6.92732,0
0.545612,6.94499,0
0.547184,6.96262,0
0.548757,6.98019,0
0.550329,6.99772,0
0.551901,7.01521,0
0.553474,7.03264,0
0.555046,7.05003,0
0.556619,7.06737,0
0.558191,7.08466,0
0.559763,7.1019,0
0.561336,7.11909,0
0.562908,7.13623,0
0.56448,7.15332,0
0.566053,7.17036,0
0.567625,7.18735,0
0.569197,7.20429,0
0.57077,7.22117,0
0.572342,7.23801,0
0.573915,7.25479,0
0.575487,7.27151,0
0.577059,7.28819,0
0.578632,7.30481,0
0.580204,7.32137,0
0.581776,7.33788,0
0.583349,7.35434,0
0.584921,7.37074,0
0.586494,7.38708,0
0.588066,7.40337,0
0.589638,7.4196,0
0.591211,7.43578,0
0.592783,7.4519,0
0.594355,7.46796,0
0.595928,7.48396,0
0.5975,7.4999,0
0.599072,7.51579,0
0.600645,7.53161,0
0.602217,7.54738,0
0.60379,7.56308,0
0.605362,7.57873,0
0.606934,7.59431,0
0.608507,7.60984,0
0.610079,7.6253,0
0.611651,7.6407,0
0.613224,7.65604,0
0.614796,7.67131,0
0.616369,7.68653,0
0.617941,7.70168,0
0.619513,7.71676,0
0.621086,7.73178,0
0.622658,7.74674,0
0.62423,7.76163,0
0.625803,7.77646,0
0.627375,7.79122,0
0.628947,7.80592,0
0.63052,7.82054,0
0.632092,7.83511,0
0.633665,7.8496,0
0.635237,7.86403,0
0.636809,7.87839,0
0.638382,7.89268,0
0.639954,7.90691,0
0.641526,7.92106,0
0.643099,7.93515,0
0.644671,7.94917,0
0.646244,7.96311,0
0.647816,7.97699,0
0.649388,7.99079,0
0.650961,8.00453,0
0.652533,8.01819,0
0.654105,8.03179,0
0.655678,8.04531,0
0.65725,8.05875,0
0.658822,8.07213,0
0.660395,8.08543,0
0.661967,8.09866,0
0.66354,8.11182,0
0.665112,8.1249,0
0.666684,8.13791,0
0.668257,8.15084,0
0.669829,8.1637,0
0.671401,8.17648,0
0.672974,8.18919,0
0.674546,8.20182,0
0.676119,8.21438,0
0.677691,8.22686,0
0.679263,8.23926,0
0.680836,8.25158,0
0.682408,8.26383,0
0.68398,8.276,0
0.685553,8.2881,0
0.687125,8.30011,0
0.688697,8.31205,0
0.69027,8.3239,0
0.691842,8.33568,0
0.693415,8.34738,0
0.694987,8.359,0
0.696559,8.37054,0
0.698132,8.382,0
0.699704,8.39337,0
0.701276,8.40467,0
0.702849,8.41589,0
0.704421,8.42702,0
0.705994,8.43808,0
0.707566,8.44905,0
0.709138,8.45994,0
0.710711,8.47075,0
0.712283,8.48147,0
0.713855,8.49211,0
0.715428,8.50267,0
0.717,8.51315,0
0.718572,8.52354,0
0.720145,8.53385,0
0.721717,8.54407,0
0.72329,8.55422,0
0.724862,8.56427,0
0.726434,8.57424,0
0.728007,8.58413,0
0.729579,8.59393,0
0.731151,8.60365,0
0.732724,8.61328,0
0.734296,8.62282,0
0.735869,8.63228,0
0.737441,8.64165,0
0.739013,8.65094,0
0.740586,8.66014,0
0.742158,8.66925,0
0.74373,8.67828,0
0.745303,8.68722,0
0.746875,8.69607,0
0.748447,8.70484,0
0.75002,8.71352,0
0.751592,8.72211,0
0.753165,8.73061,0
0.754737,8.73902,0
0.756309,8.74735,0
0.757882,8.75559,0
0.759454,8.76374,0
0.761026,8.7718,0
0.762599,8.77977,0
0.764171,8.78765,0
0.765744,8.79545,0
0.767316,8.80315,0
0.768888,8.81077,0
0.770461,8.8183,0
0.772033,8.82573,0
0.773605,8.83308,0
0.775178,8.84034,0
0.77675,8.84751,0
0.778323,8.85459,0
0.779895,8.86158,0
0.781467,8.86847,0
0.78304,8.87528,0
0.784612,8.882,0
0.786184,8.88863,0
0.787757,8.89517,0
0.789329,8.90162,0
0.790901,8.90798,0
0.792474,8.91424,0
0.794046,8.92042,0
0.795619,8.92651,0
0.797191,8.9325,0
0.798763,8.93841,0
0.800336,8.94422,0
0.801908,8.94995,0
0.80348,8.95558,0
0.805053,8.96113,0
0.806625,8.96658,0
0.808198,8.97194,0
0.80977,8.97721,0
0.811342,8.98239,0
0.812915,8.98749,0
0.814487,8.99249,0
0.816059,8.99739,0
0.817632,9.00221,0
0.819204,9.00694,0
0.820776,9.01158,0
0.822349,9.01613,0
0.823921,9.02059,0
0.825494,9.02496,0
0.827066,9.02924,0
0.828638,9.03342,0
0.830211,9.03752,0
0.831783,9.04153,0
0.833355,9.04545,0
0.834928,9.04928,0
0.8365,9.05302,0
0.838073,9.05667,0
0.839645,9.06023,0
0.841217,9.0637,0
0.84279,9.06709,0
0.844362,9.07038,0
0.845934,9.07359,0
0.847507,9.07671,0
0.849079,9.07974,0
0.850651,9.08268,0
0.852224,9.08553,0
0.853796,9.0883,0
0.855369,9.09098,0
0.856941,9.09357,0
0.858513,9.09607,0
0.860086,9.09849,0
0.861658,9.10082,0
0.86323,9.10306,0
0.864803,9.10522,0
0.866375,9.10729,0
0.867948,9.10928,0
0.86952,9.11118,0
0.871092,9.11299,0
0.872665,9.11472,0
0.874237,9.11637,0
0.875809,9.11793,0
0.877382,9.11941,0
0.878954,9.1208,0
0.880526,9.12211,0
0.882099,9.12334,0
0.883671,9.12448,0
0.885244,9.12554,0
0.886816,9.12652,0
0.888388,9.12742,0
0.889961,9.12824,0
0.891533,9.12897,0
0.893105,9.12963,0
0.894678,9.1302,0
0.89625,9.1307,0
0.897823,9.13112,0
0.899395,9.13146,0
0.900967,9.13171,0
0.90254,9.1319,0
0.904112,9.13199,0
0.905684,9.13198,0
0.907257,9.13197,0
0.908829,9.13185,0
0.910401,9.13163,0
0.911974,9.13135,0
0.913546,9.131,0
0.915119,9.13057,0
0.916691,9.13006,0
0.918263,9.12948,0
0.919836,9.12883,0
0.921408,9.12811,0
0.92298,9.12731,0
0.924553,9.12644,0
0.926125,9.1255,0
0.927698,9.12449,0
0.92927,9.12341,0
0.930842,9.12227,0
0.932415,9.12105,0
0.933987,9.11976,0
0.935559,9.11841,0
0.937132,9.11698,0
0.938704,9.1155,0
0.940276,9.11394,0
0.941849,9.11232,0
0.943421,9.11063,0
0.944994,9.10888,0
0.946566,9.10707,0
0.948138,9.10519,0
0.949711,9.10325,0
0.951283,9.10125,0
0.952855,9.09919,0
0.954428,9.09706,0
0.956,9.09488,0
0.957573,9.09263,0
0.959145,9.09033,0
0.960717,9.08797,0
0.96229,9.08555,0
0.963862,9.08307,0
0.965434,9.08054,0
0.967007,9.07795,0
0.968579,9.07531,0
0.970151,9.07261,0
0.971724,9.06986,0
0.973296,9.06705,0
0.974869,9.06419,0
0.976441,9.06128,0
0.978013,9.05832,0
0.979586,9.05531,0
0.981158,9.05224,0
0.98273,9.04913,0
0.984303,9.04597,0
0.985875,9.04276,0
0.987448,9.03951,0
0.98902,9.0362,0
0.990592,9.03286,0
0.992165,9.02946,0
0.993737,9.02602,0
0.995309,9.02254,0
0.996882,9.01901,0
0.998454,9.01544,0
1.00003,9.01183,0
1.0016,9.00818,0
1.00317,9.00449,0
1.00474,9.00075,0
1.00632,8.99698,0
1.00789,8.99317,0
1.00946,8.98932,0
1.01103,8.98543,0
1.01261,8.9815,0
1.01418,8.97754,0
1.01575,8.97355,0
1.01732,8.96952,0
1.01889,8.96545,0
1.02047,8.96135,0
1.02204,8.95722,0
1.02361,8.95305,0
1.02518,8.94885,0
1.02676,8.94462,0
1.02833,8.94036,0
1.0299,8.93608,0
1.03147,8.93176,0
1.03305,8.92741,0
1.03462,8.92303,0
1.03619,8.91863,0
1.03776,8.9142,0
1.03934,8.90974,0
1.04091,8.90526,0
1.04248,8.90075,0
1.04405,8.89622,0
1.04563,8.89166,0
1.0472,8.88708,0
1.04877,8.88247,0
1.05034,8.87785,0
1.05191,8.8732,0
1.05349,8.86853,0
1.05506,8.86384,0
1.05663,8.85912,0
1.0582,8.85439,0
1.05978,8.84964,0
1.06135,8.84487,0
1.06292,8.84009,0
1.06449,8.83528,0
1.06607,8.83046,0
1.06764,8.82562,0
1.06921,8.82076,0
1.07078,8.81589,0
1.07236,8.811,0
1.07393,8.8061,0
1.0755,8.80118,0
1.07707,8.79625,0
1.07864,8.79131,0
1.08022,8.78635,0
1.08179,8.78138,0
1.08336,8.7764,0
1.08493,8.77141,0
1.08651,8.7664,0
1.08808,8.76139,0
1.08965,8.75636,0
1.09122,8.75133,0
1.0928,8.74628,0
1.09437,8.74123,0
1.09594,8.73616,0
1.09751,8.73109,0
1.09909,8.72601,0
1.10066,8.72093,0
1.10223,8.71583,0
1.1038,8.71073,0
1.10538,8.70562,0
1.10695,8.70051,0
1.10852,8.69539,0
1.11009,8.69027,0
1.11166,8.68514,0
1.11324,8.68001,0
1.11481,8.67487,0
1.11638,8.66973,0
1.11795,8.66458,0
1.11953,8.65944,0
1.1211,8.65429,0
1.12267,8.64913,0
1.12424,8.64398,0
1.12582,8.63882,0
1.12739,8.63367,0
1.12896,8.62851,0
1.13053,8.62335,0
1.13211,8.61819,0
1.13368,8.61303,0
1.13525,8.60787,0
1.13682,8.60271,0
1.13839,8.59756,0
1.13997,8.5924,0
1.14154,8.58725,0
1.14311,8.58209,0
1.14468,8.57695,0
1.14626,8.5718,0
1.14783,8.56665,0
1.1494,8.56151,0
1.15097,8.55638,0
1.15255,8.55124,0
1.15412,8.54612,0
1.15569,8.54099,0
1.15726,8.53587,0
1.15884,8.53076,0
1.16041,8.52565,0
1.16198,8.52055,0
1.16355,8.51545,0
1.16513,8.51036,0
1.1667,8.50528,0
1.16827,8.5002,0
1.16984,8.49513,0
1.17141,8.49007,0
1.17299,8.48501,0
1.17456,8.47997,0
1.17613,8.47493,0
1.1777,8.4699,0
1.17928,8.46488,0
1.18085,8.45987,0
1.18242,8.45487,0
1.18399,8.44988,0
1.18557,8.4449,0
1.18714,8.43993,0
1.18871,8.43498,0
1.19028,8.43003,0
1.19186,8.42509,0
1.19343,8.42017,0
1.195,8.41526,0
1.19657,8.41036,0
1.19814,8.40547,0
1.19972,8.40059,0
1.20129,8.39573,0
1.20286,8.39088,0
1.20443,8.38605,0
1.20601,8.38123,0
1.20758,8.37642,0
1.20915,8.37163,0
1.21072,8.36685,0
1.2123,8.36209,0
1.21387,8.35735,0
1.21544,8.35261,0
1.21701,8.3479,0
1.21859,8.3432,0
1.22016,8.33852,0
1.22173,8.33385,0
1.2233,8.3292,0
1.22488,8.32457,0
1.22645,8.31995,0
1.22802,8.31536,0
1.22959,8.31078,0
1.23116,8.30621,0
1.23274,8.30167,0
1.23431,8.29714,0
1.23588,8.29264,0
1.23745,8.28815,0
1.23903,8.28368,0
1.2406,8.27923,0
1.24217,8.2748,0
1.24374,8.27039,0
1.24532,8.266,0
1.24689,8.26163,0
1.24846,8.25728,0
1.25003,8.25296,0
1.25161,8.24865,0
1.25318,8.24436,0
1.25475,8.2401,0
1.25632,8.23585,0
1.25789,8.23163,0
1.25947,8.22743,0
1.26104,8.22326,0
1.26261,8.2191,0
1.26418,8.21497,0
1.26576,8.21086,0
1.26733,8.20677,0
1.2689,8.20271,0
1.27047,8.19867,0
1.27205,8.19465,0
1.27362,8.19065,0
1.27519,8.18668,0
1.27676,8.18274,0
1.27834,8.17882,0
1.27991,8.17492,0
1.28148,8.17105,0
1.28305,8.1672,0
1.28463,8.16338,0
1.2862,8.15958,0
1.28777,8.15581,0
1.28934,8.15206,0
1.29091,8.14834,0
1.29249,8.14464,0
1.29406,8.14097,0
1.29563,8.13733,0
1.2972,8.13372,0
1.29878,8.13013,0
1.30035,8.12656,0
1.30192,8.12303,0
1.30349,8.11952,0
1.30507,8.11604,0
1.30664,8.11259,0
1.30821,8.10916,0
1.30978,8.10577,0
1.31136,8.1024,0
1.31293,8.09906,0
1.3145,8.09575,0
1.31607,8.09247,0
1.31764,8.08922,0
1.31922,8.086,0
1.32079,8.08281,0
1.32236,8.07965,0
1.32393,8.07652,0
1.32551,8.07342,0
1.32708,8.07035,0
1.32865,8.06731,0
1.33022,8.0643,0
1.3318,8.06133,0
1.33337,8.05839,0
1.33494,8.05548,0
1.33651,8.0526,0
1.33809,8.04976,0
1.33966,8.04694,0
1.34123,8.04417,0
1.3428,8.04142,0
1.34438,8.03872,0
1.34595,8.03604,0
1.34752,8.0334,0
1.34909,8.0308,0
1.35066,8.02823,0
1.35224,8.02569,0
1.35381,8.0232,0
1.35538,8.02074,0
1.35695,8.01831,0
1.35853,8.01593,0
1.3601,8.01358,0
1.36167,8.01127,0
1.36324,8.00899,0
1.36482,8.00676,0
1.36639,8.00456,0
1.36796,8.00241,0
1.36953,8.00029,0
1.37111,7.99822,0
1.37268,7.99618,0
1.37425,7.99419,0
1.37582,7.99223,0
1.37739,7.99032,0
1.37897,7.98845,0
1.38054,7.98663,0
1.38211,7.98484,0
1.38368,7.9831,0
1.38526,7.9814,0
1.38683,7.97975,0
1.3884,7.97814,0
1.38997,7.97658,0
1.39155,7.97506,0
1.39312,7.97359,0
1.39469,7.97216,0
1.39626,7.97078,0
1.39784,7.96944,0
1.39941,7.96816,0
1.40098,7.96692,0
1.40255,7.96573,0
1.40413,7.96459,0
1.4057,7.9635,0
1.40727,7.96245,0
1.40884,7.96146,0
1.41041,7.96052,0
1.41199,7.95963,0
1.41356,7.95879,0
1.41513,7.95801,0
1.4167,7.95727,0
1.41828,7.95659,0
1.41985,7.95596,0
1.42142,7.95539,0
1.42299,7.95487,0
1.42457,7.95441,0
1.42614,7.954,0
1.42771,7.95366,0
1.42928,7.95336,0
1.43086,7.95313,0
1.43243,7.95295,0
1.434,7.95285,0
1.43557,7.95279,0
1.43714,7.95279,0
1.43872,7.95286,0
1.44029,7.95298,0
1.44186,7.95318,0
1.44343,7.95343,0
1.44501,7.95375,0
1.44658,7.95413,0
1.44815,7.95459,0
1.44972,7.9551,0
1.4513,7.95569,0
1.45287,7.95635,0
1.45444,7.95707,0
1.45601,7.95787,0
1.45759,7.95874,0
1.45916,7.95968,0
1.46073,7.96069,0
1.4623,7.96178,0
1.46388,7.96295,0
1.46545,7.96419,0
1.46702,7.96551,0
1.46859,7.9669,0
1.47016,7.96838,0
1.47174,7.96994,0
1.47331,7.97158,0
1.47488,7.9733,0
1.47645,7.97511,0
1.47803,7.977,0
1.4796,7.97898,0
1.48117,7.98105,0
1.48274,7.9832,0
1.48432,7.98544,0
1.48589,7.98778,0
1.48746,7.9902,0
1.48903,7.99272,0
1.49061,7.99533,0
1.49218,7.99803,0
1.49375,8.00083,0
1.49532,8.00373,0
1.49689,8.00672,0
1.49847,8.00981,0
1.50004,8.01301,0
1.50161,8.0163,0
1.50318,8.01969,0
1.50476,8.02318,0
1.50633,8.02678,0
1.5079,8.03049,0
1.50947,8.03429,0
1.51105,8.03821,0
1.51262,8.04223,0
1.51419,8.04636,0
1.51576,8.05061,0
1.51734,8.05496,0
1.51891,8.05943,0
1.52048,8.06402,0
1.52205,8.06872,0
1.52363,8.07355,0
1.5252,8.07849,0
1.52677,8.08357,0
1.52834,8.08877,0
1.52991,8.0941,0
1.53149,8.09958,0
1.53306,8.10519,0
1.53463,8.11095,0
1.5362,8.11686,0
1.53778,8.12293,0
1.53935,8.12916,0
1.54092,8.13557,0
1.54249,8.14216,0
1.54407,8.14894,0
1.54564,8.15592,0
1.54721,8.16311,0
1.54878,8.17053,0
1.55036,8.17818,0
1.55193,8.18609,0
1.5535,8.19428,0
1.55507,8.20275,0
1.55665,8.21153,0
1.55822,8.22064,0
1.55979,8.23011,0
1.56136,8.23995,0
1.56293,8.2502,0
1.56451,8.26089,0
1.56608,8.27204,0
1.56765,8.28369,0
1.56922,8.29591,0
1.5708,8.30882,0
