# 20250121_121823
q,primespecRe,primespecIm
0,1017.63,0
0.003003,1014.71,0
0.00600601,1011.9,0
0.00900901,1008.33,0
0.012012,1002.74,0
0.015015,993.909,0
0.018018,983.056,0
0.021021,971.352,0
0.024024,957.702,0
0.027027,942.221,0
0.03003,925.687,0
0.033033,907.954,0
0.036036,888.699,0
0.039039,868.499,0
0.042042,847.643,0
0.045045,825.726,0
0.048048,803.135,0
0.0510511,780.264,0
0.0540541,756.877,0
0.0570571,733.14,0
0.0600601,709.405,0
0.0630631,685.688,0
0.0660661,661.933,0
0.0690691,638.42,0
0.0720721,615.305,0
0.0750751,592.453,0
0.0780781,570.031,0
0.0810811,548.203,0
0.0840841,526.891,0
0.0870871,506.13,0
0.0900901,486.023,0
0.0930931,466.577,0
0.0960961,447.741,0
0.0990991,429.549,0
0.102102,412.017,0
0.105105,395.109,0
0.108108,378.8,0
0.111111,363.072,0
0.114114,347.916,0
0.117117,333.304,0
0.12012,319.203,0
0.123123,305.592,0
0.126126,292.466,0
0.129129,279.809,0
0.132132,267.603,0
0.135135,255.821,0
0.138138,244.493,0
0.141141,233.644,0
0.144144,223.206,0
0.147147,213.215,0
0.15015,203.746,0
0.153153,194.762,0
0.156156,186.209,0
0.159159,178.201,0
0.162162,170.779,0
0.165165,163.797,0
0.168168,157.334,0
0.171171,151.482,0
0.174174,146.107,0
0.177177,141.182,0
0.18018,136.773,0
0.183183,132.856,0
0.186186,129.306,0
0.189189,126.118,0
0.192192,123.285,0
0.195195,120.756,0
0.198198,118.446,0
0.201201,116.279,0
0.204204,114.284,0
0.207207,112.412,0
0.21021,110.557,0
0.213213,108.686,0
0.216216,106.843,0
0.219219,104.97,0
0.222222,103.018,0
0.225225,100.998,0
0.228228,98.9298,0
0.231231,96.8269,0
0.234234,94.6596,0
0.237237,92.4576,0
0.24024,90.2844,0
0.243243,88.1487,0
0.246246,86.0245,0
0.249249,83.9884,0
0.252252,82.0936,0
0.255255,80.2816,0
0.258258,78.5893,0
0.261261,77.0708,0
0.264264,75.6998,0
0.267267,74.4465,0
0.27027,73.3171,0
0.273273,72.3186,0
0.276276,71.4254,0
0.279279,70.5853,0
0.282282,69.76,0
0.285285,68.9858,0
0.288288,68.2174,0
0.291291,67.3932,0
0.294294,66.5087,0
0.297297,65.5738,0
0.3003,64.5743,0
0.303303,63.4866,0
0.306306,62.3033,0
0.309309,61.0641,0
0.312312,59.7969,0
0.315315,58.4609,0
0.318318,57.1065,0
0.321321,55.7999,0
0.324324,54.5165,0
0.327327,53.2645,0
0.33033,52.1142,0
0.333333,51.0867,0
0.336336,50.1289,0
0.339339,49.2819,0
0.342342,48.5812,0
0.345345,47.9817,0
0.348348,47.4589,0
0.351351,47.0026,0
0.354354,46.6216,0
0.357357,46.288,0
0.36036,45.9464,0
0.363363,45.5682,0
0.366366,45.179,0
0.369369,44.7516,0
0.372372,44.2549,0
0.375375,43.6634,0
0.378378,42.9977,0
0.381381,42.2848,0
0.384384,41.4969,0
0.387387,40.6385,0
0.39039,39.7687,0
0.393393,38.9102,0
0.396396,38.0297,0
0.399399,37.1877,0
0.402402,36.4366,0
0.405405,35.7296,0
0.408408,35.0891,0
0.411411,34.5633,0
0.414414,34.1377,0
0.417417,33.772,0
0.42042,33.4701,0
0.423423,33.2365,0
0.426426,33.0553,0
0.429429,32.8843,0
0.432432,32.6852,0
0.435435,32.4731,0
0.438438,32.2392,0
0.441441,31.9607,0
0.444444,31.602,0
0.447447,31.1625,0
0.45045,30.6732,0
0.453453,30.1413,0
0.456456,29.5309,0
0.459459,28.8923,0
0.462462,28.2727,0
0.465465,27.637,0
0.468468,27.0166,0
0.471471,26.4689,0
0.474474,25.9844,0
0.477477,25.54,0
0.48048,25.1803,0
0.483483,24.9266,0
0.486486,24.7224,0
0.489489,24.5596,0
0.492492,24.4373,0
0.495495,24.3549,0
0.498498,24.2853,0
0.501502,24.1958,0
0.504505,24.0656,0
0.507508,23.8974,0
0.510511,23.6922,0
0.513514,23.4368,0
0.516517,23.0918,0
0.51952,22.6931,0
0.522523,22.2782,0
0.525526,21.8122,0
0.528529,21.3191,0
0.531532,20.8521,0
0.534535,20.4103,0
0.537538,19.9792,0
0.540541,19.6113,0
0.543544,19.3331,0
0.546547,19.0873,0
0.54955,18.8976,0
0.552553,18.796,0
0.555556,18.7453,0
0.558559,18.7093,0
0.561562,18.6721,0
0.564565,18.6318,0
0.567568,18.5933,0
0.570571,18.5425,0
0.573574,18.4549,0
0.576577,18.286,0
0.57958,18.0628,0
0.582583,17.8173,0
0.585586,17.5101,0
0.588589,17.1543,0
0.591592,16.7979,0
0.594595,16.4451,0
0.597598,16.0807,0
0.600601,15.7549,0
0.603604,15.4966,0
0.606607,15.2559,0
0.60961,15.0673,0
0.612613,14.9756,0
0.615616,14.9314,0
0.618619,14.9004,0
0.621622,14.887,0
0.624625,14.8922,0
0.627628,14.9066,0
0.630631,14.9191,0
0.633634,14.9097,0
0.636637,14.8322,0
0.63964,14.7076,0
0.642643,14.5649,0
0.645646,14.3597,0
0.648649,14.0956,0
0.651652,13.8186,0
0.654655,13.537,0
0.657658,13.2315,0
0.660661,12.9475,0
0.663664,12.7148,0
0.666667,12.4927,0
0.66967,12.3125,0
0.672673,12.2168,0
0.675676,12.1679,0
0.678679,12.1325,0
0.681682,12.1163,0
0.684685,12.1238,0
0.687688,12.1465,0
0.690691,12.167,0
0.693694,12.1639,0
0.696697,12.1095,0
0.6997,12.0179,0
0.702703,11.9093,0
0.705706,11.7425,0
0.708709,11.5167,0
0.711712,11.2748,0
0.714715,11.0282,0
0.717718,10.7553,0
0.720721,10.4969,0
0.723724,10.2828,0
0.726727,10.0786,0
0.72973,9.90854,0
0.732733,9.80959,0
0.735736,9.75402,0
0.738739,9.71248,0
0.741742,9.69222,0
0.744745,9.69362,0
0.747748,9.70077,0
0.750751,9.70744,0
0.753754,9.70296,0
0.756757,9.64791,0
0.75976,9.55427,0
0.762763,9.44518,0
0.765766,9.29076,0
0.768769,9.08605,0
0.771772,8.86909,0
0.774775,8.65247,0
0.777778,8.41599,0
0.780781,8.19629,0
0.783784,8.02184,0
0.786787,7.85764,0
0.78979,7.72465,0
0.792793,7.6596,0
0.795796,7.6386,0
0.798799,7.62395,0
0.801802,7.61697,0
0.804805,7.62075,0
0.807808,7.63522,0
0.810811,7.64927,0
0.813814,7.64826,0
0.816817,7.59899,0
0.81982,7.51363,0
0.822823,7.41519,0
0.825826,7.28309,0
0.828829,7.11103,0
0.831832,6.93418,0
0.834835,6.76652,0
0.837838,6.58811,0
0.840841,6.43324,0
0.843844,6.33172,0
0.846847,6.24994,0
0.84985,6.1883,0
0.852853,6.16404,0
0.855856,6.18039,0
0.858859,6.21673,0
0.861862,6.25423,0
0.864865,6.28129,0
0.867868,6.30847,0
0.870871,6.32842,0
0.873874,6.32978,0
0.876877,6.28292,0
0.87988,6.20063,0
0.882883,6.10769,0
0.885886,5.99229,0
0.888889,5.84719,0
0.891892,5.70587,0
0.894895,5.58277,0
0.897898,5.45485,0
0.900901,5.35646,0
0.903904,5.3207,0
0.906907,5.30848,0
0.90991,5.30056,0
0.912913,5.29761,0
0.915916,5.32467,0
0.918919,5.38338,0
0.921922,5.42993,0
0.924925,5.43425,0
0.927928,5.42977,0
0.930931,5.4217,0
0.933934,5.4072,0
0.936937,5.33633,0
0.93994,5.22194,0
0.942943,5.10179,0
0.945946,4.97685,0
0.948949,4.83635,0
0.951952,4.71059,0
0.954955,4.61465,0
0.957958,4.52304,0
0.960961,4.45666,0
0.963964,4.43907,0
0.966967,4.44428,0
0.96997,4.45397,0
0.972973,4.46516,0
0.975976,4.48092,0
0.978979,4.50193,0
0.981982,4.51709,0
0.984985,4.51124,0
0.987988,4.4673,0
0.990991,4.40011,0
0.993994,4.32548,0
0.996997,4.21959,0
1,4.09178,0
1.003,3.96988,0
1.00601,3.85464,0
1.00901,3.73809,0
1.01201,3.64944,0
1.01502,3.60577,0
1.01802,3.57433,0
1.02102,3.55359,0
1.02402,3.54882,0
1.02703,3.57337,0
1.03003,3.61114,0
1.03303,3.63417,0
1.03604,3.63372,0
1.03904,3.63067,0
1.04204,3.6256,0
1.04505,3.60994,0
1.04805,3.54727,0
1.05105,3.45955,0
1.05405,3.37457,0
1.05706,3.27866,0
1.06006,3.17902,0
1.06306,3.10174,0
1.06607,3.05078,0
1.06907,3.00671,0
1.07207,2.9796,0
1.07508,2.97962,0
1.07808,3.00573,0
1.08108,3.04361,0
1.08408,3.07817,0
1.08709,3.11602,0
1.09009,3.1537,0
1.09309,3.17446,0
1.0961,3.16694,0
1.0991,3.13945,0
1.1021,3.1008,0
1.10511,3.05404,0
1.10811,2.97823,0
1.11111,2.89223,0
1.11411,2.81963,0
1.11712,2.74922,0
1.12012,2.68521,0
1.12312,2.65115,0
1.12613,2.65164,0
1.12913,2.65793,0
1.13213,2.6675,0
1.13514,2.68255,0
1.13814,2.71989,0
1.14114,2.7601,0
1.14414,2.77618,0
1.14715,2.77104,0
1.15015,2.75884,0
1.15315,2.74142,0
1.15616,2.70604,0
1.15916,2.63409,0
1.16216,2.55033,0
1.16517,2.47382,0
1.16817,2.38874,0
1.17117,2.31052,0
1.17417,2.26039,0
1.17718,2.22885,0
1.18018,2.20422,0
1.18318,2.19176,0
1.18619,2.19899,0
1.18919,2.2247,0
1.19219,2.25053,0
1.1952,2.25956,0
1.1982,2.26293,0
1.2012,2.26511,0
1.2042,2.26572,0
1.20721,2.23954,0
1.21021,2.18333,0
1.21321,2.11959,0
1.21622,2.05615,0
1.21922,1.98035,0
1.22222,1.91214,0
1.22523,1.86765,0
1.22823,1.83125,0
1.23123,1.80396,0
1.23423,1.79378,0
1.23724,1.806,0
1.24024,1.83269,0
1.24324,1.86195,0
1.24625,1.88796,0
1.24925,1.91799,0
1.25225,1.94104,0
1.25526,1.94499,0
1.25826,1.9303,0
1.26126,1.90455,0
1.26426,1.87449,0
1.26727,1.82975,0
1.27027,1.77105,0
1.27327,1.71801,0
1.27628,1.67972,0
1.27928,1.64359,0
1.28228,1.61843,0
1.28529,1.6138,0
1.28829,1.62701,0
1.29129,1.64944,0
1.29429,1.67333,0
1.2973,1.70347,0
1.3003,1.73929,0
1.3033,1.76315,0
1.30631,1.76332,0
1.30931,1.75384,0
1.31231,1.73862,0
1.31532,1.7182,0
1.31832,1.67315,0
1.32132,1.61392,0
1.32432,1.55966,0
1.32733,1.50747,0
1.33033,1.45527,0
1.33333,1.42319,0
1.33634,1.4202,0
1.33934,1.42032,0
1.34234,1.42054,0
1.34535,1.42216,0
1.34835,1.44187,0
1.35135,1.46964,0
1.35435,1.48492,0
1.35736,1.48232,0
1.36036,1.47459,0
1.36336,1.46311,0
1.36637,1.44301,0
1.36937,1.39817,0
1.37237,1.34404,0
1.37538,1.29577,0
1.37838,1.24246,0
1.38138,1.19356,0
1.38438,1.16721,0
1.38739,1.16143,0
1.39039,1.15746,0
1.39339,1.15543,0
1.3964,1.16048,0
1.3994,1.18635,0
1.4024,1.21716,0
1.40541,1.23342,0
1.40841,1.24121,0
1.41141,1.24688,0
1.41441,1.24931,0
1.41742,1.23733,0
1.42042,1.20501,0
1.42342,1.16724,0
1.42643,1.13217,0
1.42943,1.08913,0
1.43243,1.05375,0
1.43544,1.04225,0
1.43844,1.04124,0
1.44144,1.0406,0
1.44444,1.04035,0
1.44745,1.0518,0
1.45045,1.0826,0
1.45345,1.11469,0
1.45646,1.13259,0
1.45946,1.14694,0
1.46246,1.15728,0
1.46547,1.15981,0
1.46847,1.14395,0
1.47147,1.11423,0
1.47447,1.08166,0
1.47748,1.04611,0
1.48048,1.00343,0
1.48348,0.968038,0
1.48649,0.949266,0
1.48949,0.935278,0
1.49249,0.925716,0
1.4955,0.923204,0
1.4985,0.934902,0
1.5015,0.955408,0
1.5045,0.973092,0
1.50751,0.982772,0
1.51051,0.991217,0
1.51351,0.996525,0
1.51652,0.994316,0
1.51952,0.973524,0
1.52252,0.942348,0
1.52553,0.910994,0
1.52853,0.872597,0
1.53153,0.831248,0
1.53453,0.79998,0
1.53754,0.781751,0
1.54054,0.766553,0
1.54354,0.757231,0
1.54655,0.757696,0
1.54955,0.771743,0
1.55255,0.791948,0
1.55556,0.808902,0
1.55856,0.824118,0
1.56156,0.838413,0
1.56456,0.846279,0
1.56757,0.842278,0
1.57057,0.827381,0
1.57357,0.807509,0
1.57658,0.78614,0
1.57958,0.755214,0
1.58258,0.72475,0
1.58559,0.70676,0
1.58859,0.697351,0
1.59159,0.690261,0
1.59459,0.686789,0
1.5976,0.692388,0
1.6006,0.712227,0
1.6036,0.736264,0
1.60661,0.754655,0
1.60961,0.773077,0
1.61261,0.788549,0
1.61562,0.794381,0
1.61862,0.787751,0
1.62162,0.773049,0
1.62462,0.754956,0
1.62763,0.73256,0
1.63063,0.700868,0
1.63363,0.671128,0
1.63664,0.652046,0
1.63964,0.636475,0
1.64264,0.624807,0
1.64565,0.620544,0
1.64865,0.626959,0
1.65165,0.640415,0
1.65465,0.654273,0
1.65766,0.664724,0
1.66066,0.675514,0
1.66366,0.683367,0
1.66667,0.683986,0
1.66967,0.672564,0
1.67267,0.653553,0
1.67568,0.632911,0
1.67868,0.606133,0
1.68168,0.574331,0
1.68468,0.548145,0
1.68769,0.531901,0
1.69069,0.517925,0
1.69369,0.508686,0
1.6967,0.507527,0
1.6997,0.516979,0
1.7027,0.532147,0
1.70571,0.546433,0
1.70871,0.560029,0
1.71171,0.574134,0
1.71471,0.58295,0
1.71772,0.58177,0
1.72072,0.57334,0
1.72372,0.561172,0
1.72673,0.547557,0
1.72973,0.525692,0
1.73273,0.502497,0
1.73574,0.487959,0
1.73874,0.48155,0
1.74174,0.476655,0
1.74474,0.47407,0
1.74775,0.47733,0
1.75075,0.492783,0
1.75375,0.512884,0
1.75676,0.528778,0
1.75976,0.544177,0
1.76276,0.557791,0
1.76577,0.563981,0
1.76877,0.559973,0
1.77177,0.549462,0
1.77477,0.535952,0
1.77778,0.519708,0
1.78078,0.495541,0
1.78378,0.472065,0
1.78679,0.457046,0
1.78979,0.445745,0
1.79279,0.437044,0
1.7958,0.433304,0
1.7988,0.437661,0
1.8018,0.448504,0
1.8048,0.460036,0
1.80781,0.467867,0
1.81081,0.47536,0
1.81381,0.480971,0
1.81682,0.482047,0
1.81982,0.473157,0
1.82282,0.457238,0
1.82583,0.439819,0
1.82883,0.419237,0
1.83183,0.394424,0
1.83483,0.374259,0
1.83784,0.363487,0
1.84084,0.355163,0
1.84384,0.349579,0
1.84685,0.348443,0
1.84985,0.356352,0
1.85285,0.370112,0
1.85586,0.383116,0
1.85886,0.393253,0
1.86186,0.40347,0
1.86486,0.410192,0
1.86787,0.4098,0
1.87087,0.402472,0
1.87387,0.391668,0
1.87688,0.38044,0
1.87988,0.363681,0
1.88288,0.346258,0
1.88589,0.337116,0
1.88889,0.33701,0
1.89189,0.337188,0
1.89489,0.337493,0
1.8979,0.340116,0
1.9009,0.353755,0
1.9039,0.372038,0
1.90691,0.385444,0
1.90991,0.395582,0
1.91291,0.404246,0
1.91592,0.408571,0
1.91892,0.405133,0
1.92192,0.394351,0
1.92492,0.380704,0
1.92793,0.366578,0
1.93093,0.347407,0
1.93393,0.329688,0
1.93694,0.32023,0
1.93994,0.31554,0
1.94294,0.312142,0
1.94595,0.310588,0
1.94895,0.314175,0
1.95195,0.324758,0
1.95495,0.335504,0
1.95796,0.340069,0
1.96096,0.342764,0
1.96396,0.344585,0
1.96697,0.345008,0
1.96997,0.33687,0
1.97297,0.321244,0
1.97598,0.304787,0
1.97898,0.288228,0
1.98198,0.269013,0
1.98498,0.255258,0
1.98799,0.252168,0
1.99099,0.251502,0
1.99399,0.251104,0
1.997,0.251078,0
2,0.258279,0
2.003,0.271944,0
2.00601,0.284112,0
2.00901,0.290079,0
2.01201,0.295052,0
2.01502,0.298216,0
2.01802,0.297798,0
2.02102,0.289924,0
2.02402,0.278386,0
2.02703,0.267908,0
2.03003,0.256781,0
2.03303,0.245756,0
2.03604,0.239515,0
2.03904,0.240235,0
2.04204,0.24418,0
2.04505,0.249921,0
2.04805,0.256967,0
2.05105,0.269721,0
2.05405,0.283818,0
2.05706,0.291744,0
2.06006,0.294399,0
2.06306,0.296308,0
2.06607,0.297228,0
2.06907,0.293855,0
2.07207,0.281445,0
2.07508,0.266384,0
2.07808,0.253628,0
2.08108,0.239191,0
2.08408,0.226885,0
2.08709,0.222012,0
2.09009,0.222574,0
2.09309,0.223994,0
2.0961,0.226016,0
2.0991,0.230224,0
2.1021,0.239175,0
2.10511,0.247508,0
2.10811,0.249422,0
2.11111,0.248073,0
2.11411,0.245485,0
2.11712,0.242028,0
2.12012,0.233094,0
2.12312,0.218801,0
2.12613,0.205226,0
2.12913,0.194865,0
2.13213,0.184569,0
2.13514,0.177331,0
2.13814,0.175987,0
2.14114,0.179513,0
2.14414,0.185649,0
2.14715,0.192461,0
2.15015,0.201789,0
2.15315,0.213515,0
2.15616,0.221612,0
2.15916,0.222257,0
2.16216,0.221903,0
2.16517,0.221271,0
2.16817,0.219835,0
2.17117,0.211632,0
2.17417,0.200337,0
2.17718,0.191934,0
2.18018,0.18692,0
2.18318,0.182659,0
2.18619,0.180242,0
2.18919,0.18151,0
2.19219,0.188384,0
2.1952,0.197736,0
2.1982,0.205934,0
2.2012,0.215014,0
2.2042,0.223586,0
2.20721,0.227669,0
2.21021,0.22614,0
2.21321,0.221934,0
2.21622,0.216249,0
2.21922,0.208573,0
2.22222,0.195687,0
2.22523,0.182542,0
2.22823,0.173391,0
2.23123,0.165791,0
2.23423,0.159731,0
2.23724,0.157054,0
2.24024,0.158944,0
2.24324,0.163853,0
2.24625,0.169381,0
2.24925,0.173732,0
2.25225,0.178395,0
2.25526,0.182093,0
2.25826,0.182973,0
2.26126,0.179138,0
2.26426,0.1722,0
2.26727,0.164576,0
2.27027,0.15496,0
2.27327,0.143204,0
2.27628,0.134788,0
2.27928,0.132513,0
2.28228,0.13143,0
2.28529,0.130779,0
2.28829,0.130843,0
2.29129,0.13656,0
2.29429,0.14673,0
2.2973,0.156264,0
2.3003,0.162992,0
2.3033,0.16954,0
2.30631,0.173812,0
2.30931,0.173748,0
2.31231,0.170021,0
2.31532,0.164574,0
2.31832,0.159054,0
2.32132,0.151223,0
2.32432,0.143189,0
2.32733,0.138969,0
2.33033,0.13931,0
2.33333,0.140707,0
2.33634,0.142804,0
2.33934,0.146203,0
2.34234,0.15418,0
2.34535,0.163276,0
2.34835,0.168315,0
2.35135,0.170556,0
2.35435,0.172191,0
2.35736,0.172932,0
2.36036,0.169982,0
2.36336,0.161172,0
2.36637,0.150846,0
2.36937,0.141538,0
2.37237,0.130281,0
2.37538,0.121117,0
2.37838,0.118076,0
2.38138,0.118078,0
2.38438,0.118083,0
2.38739,0.118092,0
2.39039,0.120329,0
2.39339,0.126816,0
2.3964,0.132893,0
2.3994,0.134003,0
2.4024,0.133712,0
2.40541,0.133152,0
2.40841,0.132286,0
2.41141,0.126998,0
2.41441,0.118311,0
2.41742,0.110523,0
2.42042,0.104954,0
2.42342,0.0996361,0
2.42643,0.0961389,0
2.42943,0.0959839,0
2.43243,0.099586,0
2.43544,0.105369,0
2.43844,0.11139,0
2.44144,0.119211,0
2.44444,0.128173,0
2.44745,0.133757,0
2.45045,0.134016,0
2.45345,0.134001,0
2.45646,0.133973,0
2.45946,0.133188,0
2.46246,0.127155,0
2.46547,0.119207,0
2.46847,0.113586,0
2.47147,0.109867,0
2.47447,0.106754,0
2.47748,0.105111,0
2.48048,0.106273,0
2.48348,0.110815,0
2.48649,0.116562,0
2.48949,0.121281,0
2.49249,0.126338,0
2.4955,0.130785,0
2.4985,0.132564,0
2.5015,0.130683,0
2.5045,0.126403,0
2.50751,0.121106,0
2.51051,0.11444,0
2.51351,0.1049,0
2.51652,0.0962,0
2.51952,0.0908568,0
2.52252,0.0866812,0
2.52553,0.0835997,0
2.52853,0.0824485,0
2.53153,0.0845227,0
2.53453,0.0890749,0
2.53754,0.0938699,0
2.54054,0.0973704,0
2.54354,0.100934,0
2.54655,0.10356,0
2.54955,0.103911,0
2.55255,0.101193,0
2.55556,0.0967955,0
2.55856,0.0923193,0
2.56156,0.0867314,0
2.56456,0.0805607,0
2.56757,0.0767812,0
2.57057,0.076761,0
2.57357,0.0780515,0
2.57658,0.0801039,0
2.57958,0.0828543,0
2.58258,0.0889469,0
2.58559,0.0969426,0
2.58859,0.103214,0
2.59159,0.107065,0
2.59459,0.110375,0
2.5976,0.112264,0
2.6006,0.111462,0
2.6036,0.107242,0
2.60661,0.10172,0
2.60961,0.0966629,0
2.61261,0.0904026,0
2.61562,0.0846988,0
2.61862,0.0821403,0
2.62162,0.0825119,0
2.62462,0.0835448,0
2.62763,0.0850018,0
2.63063,0.0874071,0
2.63363,0.0923331,0
2.63664,0.0971443,0
2.63964,0.0985335,0
2.64264,0.0980453,0
2.64565,0.0970306,0
2.64865,0.0956125,0
2.65165,0.0914766,0
2.65465,0.0840072,0
2.65766,0.0765983,0
2.66066,0.0707663,0
2.66366,0.0647849,0
2.66667,0.0604363,0
2.66967,0.0593464,0
2.67267,0.0606407,0
2.67568,0.0630716,0
2.67868,0.065903,0
2.68168,0.0697882,0
2.68468,0.0750602,0
2.68769,0.0790157,0
2.69069,0.0794323,0
2.69369,0.078977,0
2.6967,0.0781886,0
2.6997,0.0770094,0
2.7027,0.0728032,0
2.70571,0.0674626,0
2.70871,0.064181,0
2.71171,0.0633777,0
2.71471,0.0628134,0
2.71772,0.0625141,0
2.72072,0.0632806,0
2.72372,0.0678445,0
2.72673,0.0743562,0
2.72973,0.0797982,0
2.73273,0.0848972,0
2.73574,0.0896518,0
2.73874,0.0920962,0
2.74174,0.0913853,0
2.74474,0.0891096,0
2.74775,0.0860468,0
2.75075,0.082249,0
2.75375,0.0760378,0
2.75676,0.0700317,0
2.75976,0.0666009,0
2.76276,0.0645929,0
2.76577,0.063096,0
2.76877,0.0624125,0
2.77177,0.0636485,0
2.77477,0.0671926,0
2.77778,0.0708889,0
2.78078,0.0726595,0
2.78378,0.073872,0
2.78679,0.0747155,0
2.78979,0.0749032,0
2.79279,0.0720986,0
2.7958,0.0669494,0
2.7988,0.0616835,0
2.8018,0.0563195,0
2.8048,0.0502759,0
2.80781,0.0462454,0
2.81081,0.0456756,0
2.81381,0.0461351,0
2.81682,0.0469639,0
2.81982,0.048099,0
2.82282,0.0514877,0
2.82583,0.0567631,0
2.82883,0.0612276,0
2.83183,0.0632586,0
2.83483,0.0648912,0
2.83784,0.0658911,0
2.84084,0.0656491,0
2.84384,0.0627897,0
2.84685,0.0589643,0
2.84985,0.0560008,0
2.85285,0.0535382,0
2.85586,0.0513603,0
2.85886,0.0502103,0
2.86186,0.0510083,0
2.86486,0.0539628,0
2.86787,0.0578933,0
2.87087,0.0616809,0
2.87387,0.0666191,0
2.87688,0.0713153,0
2.87988,0.0731818,0
2.88288,0.0728469,0
2.88589,0.0720329,0
2.88889,0.0708611,0
2.89189,0.0681979,0
2.89489,0.0626836,0
2.8979,0.0569998,0
2.9009,0.0529117,0
2.9039,0.0490826,0
2.90691,0.0461216,0
2.90991,0.0450475,0
2.91291,0.0459628,0
2.91592,0.0479274,0
2.91892,0.0501107,0
2.92192,0.0521171,0
2.92492,0.0544827,0
2.92793,0.0563129,0
2.93093,0.0565377,0
2.93393,0.054865,0
2.93694,0.0521325,0
2.93994,0.0491976,0
2.94294,0.0447801,0
2.94595,0.0398094,0
2.94895,0.0368524,0
2.95195,0.0365936,0
2.95495,0.0365424,0
2.95796,0.0365149,0
2.96096,0.0367964,0
2.96396,0.0399487,0
2.96697,0.0450531,0
2.96997,0.049474,0
2.97297,0.0526779,0
2.97598,0.0556692,0
2.97898,0.0574331,0
2.98198,0.0571162,0
2.98498,0.0552894,0
2.98799,0.0528605,0
2.99099,0.0505523,0
2.99399,0.0479982,0
2.997,0.0453065,0
3,0.0427978,0
