# 20240725_151406
alpha,field0Re,field0Im
0,0.0808258,0
0.00157237,0.0808292,0
0.00314474,0.080833,0
0.00471711,0.0808377,0
0.00628947,0.0808429,0
0.00786184,0.0808487,0
0.00943421,0.0808549,0
0.0110066,0.0808616,0
0.0125789,0.0808688,0
0.0141513,0.0808765,0
0.0157237,0.0808848,0
0.0172961,0.0808936,0
0.0188684,0.0809029,0
0.0204408,0.0809128,0
0.0220132,0.0809235,0
0.0235855,0.0809348,0
0.0251579,0.0809468,0
0.0267303,0.0809595,0
0.0283026,0.0809729,0
0.029875,0.0809869,0
0.0314474,0.0810016,0
0.0330197,0.0810169,0
0.0345921,0.0810329,0
0.0361645,0.0810495,0
0.0377368,0.0810667,0
0.0393092,0.0810845,0
0.0408816,0.0811028,0
0.042454,0.0811218,0
0.0440263,0.0811413,0
0.0455987,0.0811614,0
0.0471711,0.081182,0
0.0487434,0.0812031,0
0.0503158,0.0812248,0
0.0518882,0.0812469,0
0.0534605,0.0812696,0
0.0550329,0.0812928,0
0.0566053,0.0813164,0
0.0581776,0.0813405,0
0.05975,0.0813651,0
0.0613224,0.0813901,0
0.0628947,0.0814155,0
0.0644671,0.0814414,0
0.0660395,0.0814676,0
0.0676119,0.0814943,0
0.0691842,0.0815214,0
0.0707566,0.0815488,0
0.072329,0.0815766,0
0.0739013,0.0816048,0
0.0754737,0.0816333,0
0.0770461,0.0816622,0
0.0786184,0.0816914,0
0.0801908,0.0817209,0
0.0817632,0.0817507,0
0.0833355,0.0817807,0
0.0849079,0.0818111,0
0.0864803,0.0818418,0
0.0880526,0.0818732,0
0.089625,0.0819055,0
0.0911974,0.0819387,0
0.0927698,0.0819728,0
0.0943421,0.0820079,0
0.0959145,0.0820439,0
0.0974869,0.0820807,0
0.0990592,0.0821185,0
0.100632,0.0821571,0
0.102204,0.0821966,0
0.103776,0.0822369,0
0.105349,0.0822781,0
0.106921,0.0823202,0
0.108493,0.0823631,0
0.110066,0.0824068,0
0.111638,0.0824514,0
0.113211,0.0824967,0
0.114783,0.0825429,0
0.116355,0.0825899,0
0.117928,0.0826377,0
0.1195,0.0826862,0
0.121072,0.0827356,0
0.122645,0.0827857,0
0.124217,0.0828366,0
0.125789,0.0828882,0
0.127362,0.0829406,0
0.128934,0.0829937,0
0.130507,0.0830476,0
0.132079,0.0831021,0
0.133651,0.0831574,0
0.135224,0.0832134,0
0.136796,0.0832702,0
0.138368,0.0833276,0
0.139941,0.0833857,0
0.141513,0.0834445,0
0.143086,0.0835039,0
0.144658,0.083564,0
0.14623,0.0836248,0
0.147803,0.0836862,0
0.149375,0.0837483,0
0.150947,0.083811,0
0.15252,0.0838743,0
0.154092,0.0839382,0
0.155665,0.0840028,0
0.157237,0.084068,0
0.158809,0.0841337,0
0.160382,0.0842001,0
0.161954,0.084267,0
0.163526,0.0843345,0
0.165099,0.0844026,0
0.166671,0.0844712,0
0.168243,0.0845404,0
0.169816,0.0846101,0
0.171388,0.0846803,0
0.172961,0.0847511,0
0.174533,0.0848224,0
0.176105,0.0848942,0
0.177678,0.0849666,0
0.17925,0.0850394,0
0.180822,0.0851127,0
0.182395,0.0851865,0
0.183967,0.0852607,0
0.18554,0.0853354,0
0.187112,0.0854106,0
0.188684,0.0854863,0
0.190257,0.0855624,0
0.191829,0.0856389,0
0.193401,0.0857158,0
0.194974,0.0857932,0
0.196546,0.085871,0
0.198118,0.0859492,0
0.199691,0.0860278,0
0.201263,0.0861067,0
0.202836,0.0861861,0
0.204408,0.0862658,0
0.20598,0.0863459,0
0.207553,0.0864264,0
0.209125,0.0865072,0
0.210697,0.0865884,0
0.21227,0.0866699,0
0.213842,0.0867517,0
0.215415,0.0868338,0
0.216987,0.0869163,0
0.218559,0.0869991,0
0.220132,0.0870821,0
0.221704,0.0871655,0
0.223276,0.0872491,0
0.224849,0.0873331,0
0.226421,0.0874172,0
0.227993,0.0875017,0
0.229566,0.0875864,0
0.231138,0.0876714,0
0.232711,0.0877565,0
0.234283,0.087842,0
0.235855,0.0879276,0
0.237428,0.0880134,0
0.239,0.0880995,0
0.240572,0.0881858,0
0.242145,0.0882722,0
0.243717,0.0883593,0
0.24529,0.0884481,0
0.246862,0.0885385,0
0.248434,0.0886305,0
0.250007,0.0887242,0
0.251579,0.0888195,0
0.253151,0.0889163,0
0.254724,0.0890146,0
0.256296,0.0891145,0
0.257868,0.0892158,0
0.259441,0.0893185,0
0.261013,0.0894227,0
0.262586,0.0895282,0
0.264158,0.0896351,0
0.26573,0.0897433,0
0.267303,0.0898528,0
0.268875,0.0899636,0
0.270447,0.0900756,0
0.27202,0.0901888,0
0.273592,0.0903032,0
0.275165,0.0904187,0
0.276737,0.0905354,0
0.278309,0.0906531,0
0.279882,0.0907719,0
0.281454,0.0908917,0
0.283026,0.0910125,0
0.284599,0.0911343,0
0.286171,0.0912571,0
0.287743,0.0913807,0
0.289316,0.0915052,0
0.290888,0.0916306,0
0.292461,0.0917568,0
0.294033,0.0918839,0
0.295605,0.0920116,0
0.297178,0.0921401,0
0.29875,0.0922694,0
0.300322,0.0923993,0
0.301895,0.0925298,0
0.303467,0.092661,0
0.30504,0.0927927,0
0.306612,0.092925,0
0.308184,0.0930579,0
0.309757,0.0931912,0
0.311329,0.0933251,0
0.312901,0.0934593,0
0.314474,0.093594,0
0.316046,0.0937291,0
0.317618,0.0938645,0
0.319191,0.0940003,0
0.320763,0.0941364,0
0.322336,0.0942727,0
0.323908,0.0944092,0
0.32548,0.094546,0
0.327053,0.094683,0
0.328625,0.0948201,0
0.330197,0.0949573,0
0.33177,0.0950946,0
0.333342,0.095232,0
0.334915,0.0953698,0
0.336487,0.0955089,0
0.338059,0.0956493,0
0.339632,0.0957911,0
0.341204,0.0959341,0
0.342776,0.0960783,0
0.344349,0.0962238,0
0.345921,0.0963704,0
0.347493,0.0965182,0
0.349066,0.0966671,0
0.350638,0.0968172,0
0.352211,0.0969682,0
0.353783,0.0971203,0
0.355355,0.0972734,0
0.356928,0.0974275,0
0.3585,0.0975825,0
0.360072,0.0977384,0
0.361645,0.0978952,0
0.363217,0.0980529,0
0.36479,0.0982114,0
0.366362,0.0983706,0
0.367934,0.0985306,0
0.369507,0.0986914,0
0.371079,0.0988528,0
0.372651,0.0990149,0
0.374224,0.0991776,0
0.375796,0.099341,0
0.377368,0.099505,0
0.378941,0.0996694,0
0.380513,0.0998343,0
0.382086,0.0999998,0
0.383658,0.100166,0
0.38523,0.100332,0
0.386803,0.100499,0
0.388375,0.100666,0
0.389947,0.100833,0
0.39152,0.101001,0
0.393092,0.101169,0
0.394665,0.101337,0
0.396237,0.101506,0
0.397809,0.101674,0
0.399382,0.101843,0
0.400954,0.102012,0
0.402526,0.102181,0
0.404099,0.102352,0
0.405671,0.102523,0
0.407243,0.102696,0
0.408816,0.102869,0
0.410388,0.103044,0
0.411961,0.103219,0
0.413533,0.103396,0
0.415105,0.103573,0
0.416678,0.103751,0
0.41825,0.10393,0
0.419822,0.104109,0
0.421395,0.104289,0
0.422967,0.10447,0
0.42454,0.104652,0
0.426112,0.104834,0
0.427684,0.105016,0
0.429257,0.105199,0
0.430829,0.105382,0
0.432401,0.105566,0
0.433974,0.10575,0
0.435546,0.105934,0
0.437118,0.106119,0
0.438691,0.106304,0
0.440263,0.106489,0
0.441836,0.106674,0
0.443408,0.106859,0
0.44498,0.107044,0
0.446553,0.10723,0
0.448125,0.107415,0
0.449697,0.1076,0
0.45127,0.107785,0
0.452842,0.107969,0
0.454415,0.108154,0
0.455987,0.108338,0
0.457559,0.108522,0
0.459132,0.108706,0
0.460704,0.10889,0
0.462276,0.109075,0
0.463849,0.10926,0
0.465421,0.109446,0
0.466994,0.109632,0
0.468566,0.109818,0
0.470138,0.110005,0
0.471711,0.110192,0
0.473283,0.11038,0
0.474855,0.110567,0
0.476428,0.110755,0
0.478,0.110943,0
0.479572,0.111131,0
0.481145,0.111319,0
0.482717,0.111507,0
0.48429,0.111695,0
0.485862,0.111882,0
0.487434,0.11207,0
0.489007,0.112257,0
0.490579,0.112444,0
0.492151,0.112631,0
0.493724,0.112818,0
0.495296,0.113004,0
0.496869,0.113189,0
0.498441,0.113375,0
0.500013,0.113559,0
0.501586,0.113744,0
0.503158,0.113927,0
0.50473,0.11411,0
0.506303,0.114292,0
0.507875,0.114474,0
0.509447,0.114657,0
0.51102,0.11484,0
0.512592,0.115023,0
0.514165,0.115206,0
0.515737,0.115389,0
0.517309,0.115572,0
0.518882,0.115755,0
0.520454,0.115938,0
0.522026,0.11612,0
0.523599,0.116302,0
0.525171,0.116483,0
0.526744,0.116663,0
0.528316,0.116842,0
0.529888,0.117021,0
0.531461,0.117198,0
0.533033,0.117374,0
0.534605,0.117549,0
0.536178,0.117722,0
0.53775,0.117894,0
0.539322,0.118064,0
0.540895,0.118232,0
0.542467,0.118399,0
0.54404,0.118563,0
0.545612,0.118727,0
0.547184,0.11889,0
0.548757,0.119054,0
0.550329,0.119218,0
0.551901,0.119382,0
0.553474,0.119545,0
0.555046,0.119708,0
0.556619,0.119871,0
0.558191,0.120034,0
0.559763,0.120196,0
0.561336,0.120357,0
0.562908,0.120518,0
0.56448,0.120679,0
0.566053,0.120838,0
0.567625,0.120996,0
0.569197,0.121154,0
0.57077,0.121311,0
0.572342,0.121466,0
0.573915,0.12162,0
0.575487,0.121773,0
0.577059,0.121925,0
0.578632,0.122075,0
0.580204,0.122224,0
0.581776,0.122371,0
0.583349,0.122517,0
0.584921,0.122661,0
0.586494,0.122803,0
0.588066,0.122943,0
0.589638,0.123081,0
0.591211,0.123217,0
0.592783,0.123351,0
0.594355,0.123483,0
0.595928,0.123612,0
0.5975,0.123739,0
0.599072,0.123864,0
0.600645,0.123986,0
0.602217,0.124105,0
0.60379,0.124222,0
0.605362,0.124338,0
0.606934,0.124453,0
0.608507,0.124568,0
0.610079,0.124681,0
0.611651,0.124794,0
0.613224,0.124906,0
0.614796,0.125017,0
0.616369,0.125127,0
0.617941,0.125235,0
0.619513,0.125342,0
0.621086,0.125447,0
0.622658,0.125551,0
0.62423,0.125653,0
0.625803,0.125753,0
0.627375,0.125852,0
0.628947,0.125948,0
0.63052,0.126042,0
0.632092,0.126134,0
0.633665,0.126223,0
0.635237,0.12631,0
0.636809,0.126394,0
0.638382,0.126476,0
0.639954,0.126555,0
0.641526,0.126631,0
0.643099,0.126704,0
0.644671,0.126774,0
0.646244,0.126841,0
0.647816,0.126905,0
0.649388,0.126968,0
0.650961,0.12703,0
0.652533,0.12709,0
0.654105,0.127148,0
0.655678,0.127205,0
0.65725,0.127259,0
0.658822,0.127312,0
0.660395,0.127362,0
0.661967,0.127409,0
0.66354,0.127454,0
0.665112,0.127496,0
0.666684,0.127534,0
0.668257,0.12757,0
0.669829,0.127602,0
0.671401,0.127632,0
0.672974,0.127662,0
0.674546,0.127691,0
0.676119,0.127716,0
0.677691,0.127737,0
0.679263,0.127753,0
0.680836,0.127762,0
0.682408,0.127768,0
0.68398,0.127773,0
0.685553,0.127777,0
0.687125,0.127781,0
0.688697,0.127784,0
0.69027,0.127786,0
0.691842,0.127787,0
0.693415,0.127787,0
0.694987,0.12778,0
0.696559,0.127768,0
0.698132,0.127751,0
0.699704,0.127729,0
0.701276,0.127706,0
0.702849,0.12768,0
0.704421,0.127654,0
0.705994,0.127628,0
0.707566,0.127596,0
0.709138,0.127561,0
0.710711,0.127521,0
0.712283,0.127478,0
0.713855,0.127431,0
0.715428,0.127381,0
0.717,0.127328,0
0.718572,0.127273,0
0.720145,0.127215,0
0.721717,0.127155,0
0.72329,0.127094,0
0.724862,0.127031,0
0.726434,0.126967,0
0.728007,0.126898,0
0.729579,0.126825,0
0.731151,0.126748,0
0.732724,0.126666,0
0.734296,0.12658,0
0.735869,0.126491,0
0.737441,0.126398,0
0.739013,0.126302,0
0.740586,0.126203,0
0.742158,0.126101,0
0.74373,0.125997,0
0.745303,0.12589,0
0.746875,0.12578,0
0.748447,0.125669,0
0.75002,0.125555,0
0.751592,0.125441,0
0.753165,0.125324,0
0.754737,0.125203,0
0.756309,0.125079,0
0.757882,0.12495,0
0.759454,0.124817,0
0.761026,0.12468,0
0.762599,0.124539,0
0.764171,0.124395,0
0.765744,0.124247,0
0.767316,0.124096,0
0.768888,0.123941,0
0.770461,0.123783,0
0.772033,0.123622,0
0.773605,0.123458,0
0.775178,0.123291,0
0.77675,0.123121,0
0.778323,0.122948,0
0.779895,0.122773,0
0.781467,0.122596,0
0.78304,0.122416,0
0.784612,0.122233,0
0.786184,0.122046,0
0.787757,0.121856,0
0.789329,0.121661,0
0.790901,0.121464,0
0.792474,0.121262,0
0.794046,0.121058,0
0.795619,0.12085,0
0.797191,0.120638,0
0.798763,0.120424,0
0.800336,0.120206,0
0.801908,0.119985,0
0.80348,0.119761,0
0.805053,0.119534,0
0.806625,0.119304,0
0.808198,0.119071,0
0.80977,0.118836,0
0.811342,0.118598,0
0.812915,0.118357,0
0.814487,0.118114,0
0.816059,0.117868,0
0.817632,0.11762,0
0.819204,0.117369,0
0.820776,0.117116,0
0.822349,0.116861,0
0.823921,0.116604,0
0.825494,0.116345,0
0.827066,0.116084,0
0.828638,0.115821,0
0.830211,0.115556,0
0.831783,0.115289,0
0.833355,0.115021,0
0.834928,0.11475,0
0.8365,0.114479,0
0.838073,0.114205,0
0.839645,0.11393,0
0.841217,0.113651,0
0.84279,0.113369,0
0.844362,0.113082,0
0.845934,0.112791,0
0.847507,0.112497,0
0.849079,0.112199,0
0.850651,0.111898,0
0.852224,0.111593,0
0.853796,0.111285,0
0.855369,0.110973,0
0.856941,0.110659,0
0.858513,0.110341,0
0.860086,0.110021,0
0.861658,0.109697,0
0.86323,0.109371,0
0.864803,0.109042,0
0.866375,0.108711,0
0.867948,0.108377,0
0.86952,0.108041,0
0.871092,0.107702,0
0.872665,0.107361,0
0.874237,0.107019,0
0.875809,0.106674,0
0.877382,0.106327,0
0.878954,0.105978,0
0.880526,0.105628,0
0.882099,0.105276,0
0.883671,0.104923,0
0.885244,0.104568,0
0.886816,0.104212,0
0.888388,0.103854,0
0.889961,0.103496,0
0.891533,0.103136,0
0.893105,0.102775,0
0.894678,0.102414,0
0.89625,0.102051,0
0.897823,0.101688,0
0.899395,0.101325,0
0.900967,0.100961,0
0.90254,0.100596,0
0.904112,0.100232,0
0.905684,0.0998665,0
0.907257,0.0995016,0
0.908829,0.099136,0
0.910401,0.0987683,0
0.911974,0.0983984,0
0.913546,0.098026,0
0.915119,0.0976514,0
0.916691,0.0972744,0
0.918263,0.0968951,0
0.919836,0.0965141,0
0.921408,0.0961306,0
0.92298,0.0957451,0
0.924553,0.0953579,0
0.926125,0.0949686,0
0.927698,0.0945775,0
0.92927,0.0941844,0
0.930842,0.0937896,0
0.932415,0.0933933,0
0.933987,0.0929951,0
0.935559,0.0925953,0
0.937132,0.0921942,0
0.938704,0.0917913,0
0.940276,0.091387,0
0.941849,0.0909815,0
0.943421,0.0905745,0
0.944994,0.0901665,0
0.946566,0.089757,0
0.948138,0.0893463,0
0.949711,0.0889347,0
0.951283,0.0885218,0
0.952855,0.0881079,0
0.954428,0.0876934,0
0.956,0.0872775,0
0.957573,0.0868612,0
0.959145,0.0864438,0
0.960717,0.0860256,0
0.96229,0.0856071,0
0.963862,0.0851876,0
0.965434,0.0847675,0
0.967007,0.0843472,0
0.968579,0.0839262,0
0.970151,0.0835047,0
0.971724,0.083083,0
0.973296,0.0826608,0
0.974869,0.0822387,0
0.976441,0.0818161,0
0.978013,0.0813933,0
0.979586,0.0809707,0
0.981158,0.0805478,0
0.98273,0.0801248,0
0.984303,0.0797023,0
0.985875,0.0792795,0
0.987448,0.0788572,0
0.98902,0.0784348,0
0.990592,0.0780127,0
0.992165,0.0775913,0
0.993737,0.07717,0
0.995309,0.076749,0
0.996882,0.0763289,0
0.998454,0.075909,0
1.00003,0.0754908,0
1.0016,0.0750716,0
1.00317,0.0746532,0
1.00474,0.0742355,0
1.00632,0.0738213,0
1.00789,0.0734053,0
1.00946,0.0729902,0
1.01103,0.0725761,0
1.01261,0.0721657,0
1.01418,0.0717537,0
1.01575,0.0713429,0
1.01732,0.0709332,0
1.01889,0.0705248,0
1.02047,0.0701203,0
1.02204,0.0697146,0
1.02361,0.0693102,0
1.02518,0.0689059,0
1.02676,0.0685038,0
1.02833,0.0680989,0
1.0299,0.0676937,0
1.03147,0.0672882,0
1.03305,0.066885,0
1.03462,0.0664791,0
1.03619,0.0660729,0
1.03776,0.0656664,0
1.03934,0.0652624,0
1.04091,0.0648558,0
1.04248,0.064449,0
1.04405,0.0640421,0
1.04563,0.0636376,0
1.0472,0.0632306,0
1.04877,0.0628235,0
1.05034,0.0624165,0
1.05191,0.0620094,0
1.05349,0.061605,0
1.05506,0.0611981,0
1.05663,0.0607912,0
1.0582,0.0603844,0
1.05978,0.0599804,0
1.06135,0.059574,0
1.06292,0.0591677,0
1.06449,0.0587616,0
1.06607,0.0583582,0
1.06764,0.0579526,0
1.06921,0.0575473,0
1.07078,0.0571422,0
1.07236,0.05674,0
1.07393,0.0563356,0
1.0755,0.0559316,0
1.07707,0.0555278,0
1.07864,0.0551245,0
1.08022,0.0547242,0
1.08179,0.0543218,0
1.08336,0.0539199,0
1.08493,0.0535184,0
1.08651,0.0531199,0
1.08808,0.0527195,0
1.08965,0.0523197,0
1.09122,0.0519204,0
1.0928,0.0515244,0
1.09437,0.0511263,0
1.09594,0.0507289,0
1.09751,0.0503322,0
1.09909,0.0499387,0
1.10066,0.0495434,0
1.10223,0.0491488,0
1.1038,0.048755,0
1.10538,0.0483645,0
1.10695,0.0479723,0
1.10852,0.0475809,0
1.11009,0.0471903,0
1.11166,0.0468007,0
1.11324,0.0464144,0
1.11481,0.0460266,0
1.11638,0.0456398,0
1.11795,0.0452538,0
1.11953,0.0448713,0
1.1211,0.0444874,0
1.12267,0.0441045,0
1.12424,0.0437227,0
1.12582,0.0433444,0
1.12739,0.0429647,0
1.12896,0.0425862,0
1.13053,0.0422089,0
1.13211,0.041835,0
1.13368,0.04146,0
1.13525,0.041086,0
1.13682,0.0407133,0
1.13839,0.0403417,0
1.13997,0.0399735,0
1.14154,0.0396041,0
1.14311,0.0392357,0
1.14468,0.0388685,0
1.14626,0.0385047,0
1.14783,0.0381394,0
1.1494,0.0377752,0
1.15097,0.0374122,0
1.15255,0.0370524,0
1.15412,0.0366912,0
1.15569,0.0363311,0
1.15726,0.0359719,0
1.15884,0.035616,0
1.16041,0.0352587,0
1.16198,0.0349023,0
1.16355,0.0345469,0
1.16513,0.0341946,0
1.1667,0.0338409,0
1.16827,0.0334882,0
1.16984,0.0331363,0
1.17141,0.0327853,0
1.17299,0.0324372,0
1.17456,0.0320878,0
1.17613,0.0317392,0
1.1777,0.0313912,0
1.17928,0.0310462,0
1.18085,0.0306996,0
1.18242,0.0303536,0
1.18399,0.0300084,0
1.18557,0.0296662,0
1.18714,0.0293225,0
1.18871,0.0289795,0
1.19028,0.0286374,0
1.19186,0.0282983,0
1.19343,0.0279578,0
1.195,0.0276182,0
1.19657,0.0272794,0
1.19814,0.0269413,0
1.19972,0.0266065,0
1.20129,0.0262703,0
1.20286,0.0259351,0
1.20443,0.0256008,0
1.20601,0.0252696,0
1.20758,0.0249372,0
1.20915,0.0246058,0
1.21072,0.0242754,0
1.2123,0.0239481,0
1.21387,0.0236198,0
1.21544,0.0232925,0
1.21701,0.0229662,0
1.21859,0.0226432,0
1.22016,0.0223191,0
1.22173,0.0219962,0
1.2233,0.0216744,0
1.22488,0.0213558,0
1.22645,0.0210358,0
1.22802,0.0207165,0
1.22959,0.0203978,0
1.23116,0.0200798,0
1.23274,0.0197644,0
1.23431,0.0194476,0
1.23588,0.0191315,0
1.23745,0.0188161,0
1.23903,0.0185032,0
1.2406,0.018189,0
1.24217,0.0178754,0
1.24374,0.0175626,0
1.24532,0.0172523,0
1.24689,0.0169406,0
1.24846,0.0166297,0
1.25003,0.0163194,0
1.25161,0.0160117,0
1.25318,0.0157026,0
1.25475,0.0153943,0
1.25632,0.0150866,0
1.25789,0.0147795,0
1.25947,0.0144751,0
1.26104,0.0141694,0
1.26261,0.0138642,0
1.26418,0.0135597,0
1.26576,0.0132579,0
1.26733,0.0129548,0
1.2689,0.0126523,0
1.27047,0.0123506,0
1.27205,0.0120513,0
1.27362,0.0117508,0
1.27519,0.011451,0
1.27676,0.0111519,0
1.27834,0.0108552,0
1.27991,0.0105573,0
1.28148,0.0102602,0
1.28305,0.00996371,0
1.28463,0.00966976,0
1.2862,0.00937462,0
1.28777,0.00908012,0
1.28934,0.00878629,0
1.29091,0.00849314,0
1.29249,0.00820251,0
1.29406,0.0079107,0
1.29563,0.00761956,0
1.2972,0.0073291,0
1.29878,0.00704115,0
1.30035,0.00675203,0
1.30192,0.00646362,0
1.30349,0.00617586,0
1.30507,0.0058906,0
1.30664,0.00560419,0
1.30821,0.00531844,0
1.30978,0.00503334,0
1.31136,0.0047507,0
1.31293,0.0044669,0
1.3145,0.00418373,0
1.31607,0.00390121,0
1.31764,0.0036193,0
1.31922,0.00333982,0
1.32079,0.00305917,0
1.32236,0.00277911,0
1.32393,0.00249966,0
1.32551,0.00222257,0
1.32708,0.00194431,0
1.32865,0.00166663,0
1.33022,0.00138952,0
1.3318,0.00111475,0
1.33337,0.000838788,0
1.33494,0.000563385,0
1.33651,0.000288542,0
1.33809,1.59864e-05,0
1.33966,-0.000257746,0
1.34123,-0.000530963,0
1.3428,-0.000803647,0
1.34438,-0.00107407,0
1.34595,-0.00134572,0
1.34752,-0.00161685,0
1.34909,-0.00188747,0
1.35066,-0.00215758,0
1.35224,-0.0024255,0
1.35381,-0.00269462,0
1.35538,-0.00296326,0
1.35695,-0.00323142,0
1.35853,-0.00349743,0
1.3601,-0.00376466,0
1.36167,-0.00403144,0
1.36324,-0.00429776,0
1.36482,-0.00456194,0
1.36639,-0.00482737,0
1.36796,-0.00509237,0
1.36953,-0.00535694,0
1.37111,-0.0056194,0
1.37268,-0.00588313,0
1.37425,-0.00614642,0
1.37582,-0.00640933,0
1.37739,-0.00667183,0
1.37897,-0.00693228,0
1.38054,-0.00719401,0
1.38211,-0.00745536,0
1.38368,-0.00771632,0
1.38526,-0.00797527,0
1.38683,-0.0082355,0
1.3884,-0.00849537,0
1.38997,-0.00875481,0
1.39155,-0.00901207,0
1.39312,-0.00927042,0
1.39469,-0.00952826,0
1.39626,-0.00978558,0
1.39784,-0.0100408,0
1.39941,-0.0102971,0
1.40098,-0.0105529,0
1.40255,-0.0108082,0
1.40413,-0.0110614,0
1.4057,-0.0113157,0
1.40727,-0.0115696,0
1.40884,-0.0118231,0
1.41041,-0.012076,0
1.41199,-0.0123269,0
1.41356,-0.012579,0
1.41513,-0.0128306,0
1.4167,-0.0130819,0
1.41828,-0.0133311,0
1.41985,-0.0135814,0
1.42142,-0.0138314,0
1.42299,-0.014081,0
1.42457,-0.0143286,0
1.42614,-0.0145774,0
1.42771,-0.0148258,0
1.42928,-0.0150739,0
1.43086,-0.01532,0
1.43243,-0.0155673,0
1.434,-0.0158142,0
1.43557,-0.0160609,0
1.43714,-0.0163073,0
1.43872,-0.0165517,0
1.44029,-0.0167974,0
1.44186,-0.0170426,0
1.44343,-0.0172877,0
1.44501,-0.0175309,0
1.44658,-0.0177754,0
1.44815,-0.0180195,0
1.44972,-0.0182634,0
1.4513,-0.0185054,0
1.45287,-0.0187488,0
1.45444,-0.018992,0
1.45601,-0.0192347,0
1.45759,-0.0194759,0
1.45916,-0.0197182,0
1.46073,-0.0199604,0
1.4623,-0.0202023,0
1.46388,-0.0204425,0
1.46545,-0.0206839,0
1.46702,-0.0209252,0
1.46859,-0.0211664,0
1.47016,-0.0214073,0
1.47174,-0.0216465,0
1.47331,-0.0218871,0
1.47488,-0.0221274,0
1.47645,-0.0223672,0
1.47803,-0.022605,0
1.4796,-0.0228439,0
1.48117,-0.0230823,0
1.48274,-0.0233202,0
1.48432,-0.0235563,0
1.48589,-0.0237935,0
1.48746,-0.0240302,0
1.48903,-0.0242666,0
1.49061,-0.024501,0
1.49218,-0.0247366,0
1.49375,-0.0249718,0
1.49532,-0.0252068,0
1.49689,-0.0254414,0
1.49847,-0.0256741,0
1.50004,-0.0259081,0
1.50161,-0.0261417,0
1.50318,-0.0263751,0
1.50476,-0.0266066,0
1.50633,-0.0268395,0
1.5079,-0.027072,0
1.50947,-0.0273044,0
1.51105,-0.0275351,0
1.51262,-0.027767,0
1.51419,-0.0279987,0
1.51576,-0.0282302,0
1.51734,-0.0284601,0
1.51891,-0.0286913,0
1.52048,-0.0289224,0
1.52205,-0.0291532,0
1.52363,-0.0293826,0
1.5252,-0.0296133,0
1.52677,-0.0298438,0
1.52834,-0.0300744,0
1.52991,-0.0303047,0
1.53149,-0.0305336,0
1.53306,-0.0307638,0
1.53463,-0.0309941,0
1.5362,-0.0312243,0
1.53778,-0.0314531,0
1.53935,-0.0316832,0
1.54092,-0.0319135,0
1.54249,-0.0321436,0
1.54407,-0.0323724,0
1.54564,-0.0326028,0
1.54721,-0.0328331,0
1.54878,-0.0330636,0
1.55036,-0.0332926,0
1.55193,-0.0335231,0
1.5535,-0.0337538,0
1.55507,-0.0339847,0
1.55665,-0.0342141,0
1.55822,-0.0344452,0
1.55979,-0.0346765,0
1.56136,-0.0349078,0
1.56293,-0.0351394,0
1.56451,-0.0353696,0
1.56608,-0.0356017,0
1.56765,-0.0358338,0
1.56922,-0.0360662,0
1.5708,-0.0362974,0
