# 20241119_232938
# initdata:	data/init_real_sigmamasses_consteps_20241119_171318/init37.csv
# particle mass:	0.96
# NpT:	300
# pTmax:	3
# epsabs:	0
# epsrel:	1e-05
# integr iter:	10000
pT,abs2Re,abs2Im
0,1645.33,0
0.0100334,1619.87,0
0.0200669,1545.66,0
0.0301003,1428.82,0
0.0401338,1278.63,0
0.0501672,1106.23,0
0.0602007,923.414,0
0.0702341,741.695,0
0.0802676,571.164,0
0.090301,420.008,0
0.100334,294.012,0
0.110368,195.923,0
0.120401,125.358,0
0.130435,79.0159,0
0.140468,51.4841,0
0.150502,36.5053,0
0.160535,28.389,0
0.170569,23.0925,0
0.180602,18.6038,0
0.190635,14.5483,0
0.200669,11.3119,0
0.210702,9.18386,0
0.220736,7.95372,0
0.230769,7.07316,0
0.240803,6.12516,0
0.250836,5.16655,0
0.26087,4.65445,0
0.270903,5.01816,0
0.280936,6.23252,0
0.29097,7.75809,0
0.301003,8.91558,0
0.311037,9.39948,0
0.32107,9.50148,0
0.331104,9.8406,0
0.341137,10.8123,0
0.351171,12.2221,0
0.361204,13.4311,0
0.371237,13.9044,0
0.381271,13.69,0
0.391304,13.3937,0
0.401338,13.6511,0
0.411371,14.5554,0
0.421405,15.561,0
0.431438,15.9691,0
0.441472,15.5661,0
0.451505,14.8269,0
0.461538,14.4819,0
0.471572,14.8402,0
0.481605,15.5035,0
0.491639,15.7476,0
0.501672,15.2142,0
0.511706,14.2513,0
0.521739,13.5704,0
0.531773,13.5522,0
0.541806,13.8838,0
0.551839,13.8821,0
0.561873,13.1795,0
0.571906,12.0834,0
0.58194,11.253,0
0.591973,11.0307,0
0.602007,11.114,0
0.61204,10.8952,0
0.622074,10.1053,0
0.632107,9.08412,0
0.64214,8.40707,0
0.652174,8.27757,0
0.662207,8.3343,0
0.672241,8.06554,0
0.682274,7.36658,0
0.692308,6.63416,0
0.702341,6.3127,0
0.712375,6.40385,0
0.722408,6.48045,0
0.732441,6.1711,0
0.742475,5.56306,0
0.752508,5.07869,0
0.762542,4.98387,0
0.772575,5.09435,0
0.782609,5.00305,0
0.792642,4.54972,0
0.802676,3.98912,0
0.812709,3.67948,0
0.822742,3.67025,0
0.832776,3.66814,0
0.842809,3.4019,0
0.852843,2.94125,0
0.862876,2.59933,0
0.87291,2.55259,0
0.882943,2.64132,0
0.892977,2.57779,0
0.90301,2.2951,0
0.913043,2.01297,0
0.923077,1.95452,0
0.93311,2.07184,0
0.943144,2.11201,0
0.953177,1.92876,0
0.963211,1.65075,0
0.973244,1.50888,0
0.983278,1.5498,0
0.993311,1.59109,0
1.00334,1.46001,0
1.01338,1.20699,0
1.02341,1.03241,0
1.03344,1.03304,0
1.04348,1.09242,0
1.05351,1.0429,0
1.06355,0.880091,0
1.07358,0.757365,0
1.08361,0.779844,0
1.09365,0.870179,0
1.10368,0.873405,0
1.11371,0.755353,0
1.12375,0.636954,0
1.13378,0.629352,0
1.14381,0.691341,0
1.15385,0.690804,0
1.16388,0.580071,0
1.17391,0.453444,0
1.18395,0.419204,0
1.19398,0.461848,0
1.20401,0.473038,0
1.21405,0.400638,0
1.22408,0.314184,0
1.23411,0.305733,0
1.24415,0.365669,0
1.25418,0.398638,0
1.26421,0.35162,0
1.27425,0.279462,0
1.28428,0.264822,0
1.29431,0.306362,0
1.30435,0.32509,0
1.31438,0.273801,0
1.32441,0.198569,0
1.33445,0.173078,0
1.34448,0.200703,0
1.35452,0.216715,0
1.36455,0.181299,0
1.37458,0.132534,0
1.38462,0.129877,0
1.39465,0.170774,0
1.40468,0.195379,0
1.41472,0.169029,0
1.42475,0.126815,0
1.43478,0.121532,0
1.44482,0.150675,0
1.45485,0.162547,0
1.46488,0.129205,0
1.47492,0.0833902,0
1.48495,0.0713944,0
1.49498,0.0909814,0
1.50502,0.0996828,0
1.51505,0.0772902,0
1.52508,0.0527962,0
1.53512,0.0604575,0
1.54515,0.0900514,0
1.55518,0.101412,0
1.56522,0.0804841,0
1.57525,0.0571114,0
1.58528,0.0613945,0
1.59532,0.0818879,0
1.60535,0.0834919,0
1.61538,0.0573307,0
1.62542,0.0319429,0
1.63545,0.0324811,0
1.64548,0.0474221,0
1.65552,0.0483356,0
1.66555,0.0315708,0
1.67559,0.0218884,0
1.68562,0.0350139,0
1.69565,0.054375,0
1.70569,0.0546633,0
1.71572,0.0370928,0
1.72575,0.026149,0
1.73579,0.0341477,0
1.74582,0.044958,0
1.75585,0.0386515,0
1.76589,0.0201215,0
1.77592,0.0110823,0
1.78595,0.0188982,0
1.79599,0.0276866,0
1.80602,0.0229564,0
1.81605,0.0125911,0
1.82609,0.014117,0
1.83612,0.0280792,0
1.84615,0.0366314,0
1.85619,0.0287635,0
1.86622,0.0153078,0
1.87625,0.0128302,0
1.88629,0.0205948,0
1.89632,0.02336,0
1.90635,0.0143374,0
1.91639,0.00442248,0
1.92642,0.00548706,0
1.93645,0.013409,0
1.94649,0.0153379,0
1.95652,0.00922641,0
1.96656,0.00638134,0
1.97659,0.0138674,0
1.98662,0.0232853,0
1.99666,0.0223909,0
2.00669,0.0123039,0
2.01672,0.00546645,0
2.02676,0.00804096,0
2.03679,0.0124367,0
2.04682,0.0097542,0
2.05686,0.00289746,0
2.06689,0.00144792,0
2.07692,0.00701231,0
2.08696,0.0111371,0
2.09699,0.00827789,0
2.10702,0.003974,0
2.11706,0.00619038,0
2.12709,0.013078,0
2.13712,0.0153631,0
2.14716,0.00961889,0
2.15719,0.00289893,0
2.16722,0.00243511,0
2.17726,0.0059088,0
2.18729,0.00610556,0
2.19732,0.00214602,0
2.20736,0.000412356,0
2.21739,0.00439193,0
2.22742,0.00911257,0
2.23746,0.0084279,0
2.24749,0.0040344,0
2.25753,0.00281318,0
2.26756,0.00666362,0
2.27759,0.00986926,0
2.28763,0.00751445,0
2.29766,0.00231828,0
2.30769,0.00024016,0
2.31773,0.0020094,0
2.32776,0.00308857,0
2.33779,0.00132181,0
2.34783,0.000213127,0
2.35786,0.00304914,0
2.36789,0.0072101,0
2.37793,0.00755773,0
2.38796,0.00389016,0
2.39799,0.00130157,0
2.40803,0.00292285,0
2.41806,0.00571771,0
2.42809,0.0052192,0
2.43813,0.0019069,0
2.44816,1.41841e-05,0
2.45819,0.00113528,0
2.46823,0.00238188,0
2.47826,0.00140868,0
2.48829,0.000209796,0
2.49833,0.00185511,0
2.50836,0.00533477,0
2.51839,0.0065331,0
2.52843,0.00399928,0
2.53846,0.000971017,0
2.54849,0.000769572,0
2.55853,0.00242953,0
2.56856,0.00272883,0
2.5786,0.00113495,0
2.58863,0.000227811,0
2.59866,0.00139795,0
2.6087,0.00268548,0
2.61873,0.00198761,0
2.62876,0.000500521,0
2.6388,0.000996166,0
2.64883,0.00352167,0
2.65886,0.00504862,0
2.6689,0.00364349,0
2.67893,0.00103882,0
2.68896,2.47973e-05,0
2.699,0.000732643,0
2.70903,0.00114058,0
2.71906,0.000528571,0
2.7291,0.000402949,0
2.73913,0.00170751,0
2.74916,0.00296284,0
2.7592,0.00238587,0
2.76923,0.000733795,0
2.77926,0.000401623,0
2.7893,0.00199244,0
2.79933,0.00342353,0
2.80936,0.00284682,0
2.8194,0.00107032,0
2.82943,0.000120538,0
2.83946,0.000379015,0
2.8495,0.000550265,0
2.85953,0.000124049,0
2.86957,0.000253904,0
2.8796,0.00169498,0
2.88963,0.00317188,0
2.89967,0.00292269,0
2.9097,0.00122961,0
2.91973,0.00013431,0
2.92977,0.00069695,0
2.9398,0.00174889,0
2.94983,0.00177416,0
2.95987,0.00097573,0
2.9699,0.000598668,0
2.97993,0.000874789,0
2.98997,0.000859263,0
3,0.000243055,0
