# 20250122_110617
alpha,Dfield0Re,Dfield0Im
0,-0.170712,0
0.00157237,-0.170794,0
0.00314474,-0.170882,0
0.00471711,-0.170972,0
0.00628947,-0.171056,0
0.00786184,-0.17113,0
0.00943421,-0.171187,0
0.0110066,-0.171228,0
0.0125789,-0.171263,0
0.0141513,-0.171295,0
0.0157237,-0.171322,0
0.0172961,-0.171345,0
0.0188684,-0.171362,0
0.0204408,-0.171375,0
0.0220132,-0.171384,0
0.0235855,-0.171393,0
0.0251579,-0.1714,0
0.0267303,-0.171405,0
0.0283026,-0.17141,0
0.029875,-0.171415,0
0.0314474,-0.171418,0
0.0330197,-0.171421,0
0.0345921,-0.171423,0
0.0361645,-0.171425,0
0.0377368,-0.171428,0
0.0393092,-0.17143,0
0.0408816,-0.171434,0
0.042454,-0.171438,0
0.0440263,-0.171442,0
0.0455987,-0.171447,0
0.0471711,-0.171452,0
0.0487434,-0.171458,0
0.0503158,-0.171464,0
0.0518882,-0.171471,0
0.0534605,-0.171478,0
0.0550329,-0.171487,0
0.0566053,-0.171496,0
0.0581776,-0.171505,0
0.05975,-0.171515,0
0.0613224,-0.171525,0
0.0628947,-0.171536,0
0.0644671,-0.171547,0
0.0660395,-0.171559,0
0.0676119,-0.171571,0
0.0691842,-0.171583,0
0.0707566,-0.171595,0
0.072329,-0.171608,0
0.0739013,-0.17162,0
0.0754737,-0.171633,0
0.0770461,-0.171646,0
0.0786184,-0.171659,0
0.0801908,-0.171672,0
0.0817632,-0.171685,0
0.0833355,-0.171698,0
0.0849079,-0.171711,0
0.0864803,-0.171724,0
0.0880526,-0.171737,0
0.089625,-0.171749,0
0.0911974,-0.171761,0
0.0927698,-0.171774,0
0.0943421,-0.171786,0
0.0959145,-0.171797,0
0.0974869,-0.171809,0
0.0990592,-0.17182,0
0.100632,-0.171831,0
0.102204,-0.171842,0
0.103776,-0.171852,0
0.105349,-0.171863,0
0.106921,-0.171873,0
0.108493,-0.171882,0
0.110066,-0.171891,0
0.111638,-0.1719,0
0.113211,-0.171909,0
0.114783,-0.171917,0
0.116355,-0.171926,0
0.117928,-0.171933,0
0.1195,-0.171941,0
0.121072,-0.171948,0
0.122645,-0.171954,0
0.124217,-0.171961,0
0.125789,-0.171967,0
0.127362,-0.171973,0
0.128934,-0.171978,0
0.130507,-0.171983,0
0.132079,-0.171988,0
0.133651,-0.171993,0
0.135224,-0.171997,0
0.136796,-0.172001,0
0.138368,-0.172004,0
0.139941,-0.172007,0
0.141513,-0.172009,0
0.143086,-0.172011,0
0.144658,-0.172013,0
0.14623,-0.172015,0
0.147803,-0.172016,0
0.149375,-0.172017,0
0.150947,-0.172017,0
0.15252,-0.172016,0
0.154092,-0.172015,0
0.155665,-0.172014,0
0.157237,-0.172012,0
0.158809,-0.17201,0
0.160382,-0.172008,0
0.161954,-0.172005,0
0.163526,-0.172001,0
0.165099,-0.171997,0
0.166671,-0.171991,0
0.168243,-0.171985,0
0.169816,-0.171979,0
0.171388,-0.171973,0
0.172961,-0.171965,0
0.174533,-0.171956,0
0.176105,-0.171947,0
0.177678,-0.171936,0
0.17925,-0.171926,0
0.180822,-0.171914,0
0.182395,-0.171902,0
0.183967,-0.171888,0
0.18554,-0.171873,0
0.187112,-0.171857,0
0.188684,-0.171841,0
0.190257,-0.171824,0
0.191829,-0.171805,0
0.193401,-0.171785,0
0.194974,-0.171764,0
0.196546,-0.171741,0
0.198118,-0.171718,0
0.199691,-0.171693,0
0.201263,-0.171667,0
0.202836,-0.17164,0
0.204408,-0.171611,0
0.20598,-0.17158,0
0.207553,-0.171548,0
0.209125,-0.171515,0
0.210697,-0.17148,0
0.21227,-0.171444,0
0.213842,-0.171405,0
0.215415,-0.171365,0
0.216987,-0.171323,0
0.218559,-0.17128,0
0.220132,-0.171235,0
0.221704,-0.171187,0
0.223276,-0.171138,0
0.224849,-0.171087,0
0.226421,-0.171033,0
0.227993,-0.170978,0
0.229566,-0.170921,0
0.231138,-0.170861,0
0.232711,-0.1708,0
0.234283,-0.170735,0
0.235855,-0.170669,0
0.237428,-0.1706,0
0.239,-0.170529,0
0.240572,-0.170455,0
0.242145,-0.170379,0
0.243717,-0.1703,0
0.24529,-0.170219,0
0.246862,-0.170135,0
0.248434,-0.170048,0
0.250007,-0.169959,0
0.251579,-0.169866,0
0.253151,-0.169771,0
0.254724,-0.169673,0
0.256296,-0.169571,0
0.257868,-0.169467,0
0.259441,-0.16936,0
0.261013,-0.16925,0
0.262586,-0.169136,0
0.264158,-0.169019,0
0.26573,-0.168899,0
0.267303,-0.168775,0
0.268875,-0.168648,0
0.270447,-0.168518,0
0.27202,-0.168384,0
0.273592,-0.168246,0
0.275165,-0.168104,0
0.276737,-0.167959,0
0.278309,-0.16781,0
0.279882,-0.167657,0
0.281454,-0.167501,0
0.283026,-0.16734,0
0.284599,-0.167175,0
0.286171,-0.167006,0
0.287743,-0.166832,0
0.289316,-0.166655,0
0.290888,-0.166474,0
0.292461,-0.166287,0
0.294033,-0.166097,0
0.295605,-0.165901,0
0.297178,-0.165701,0
0.29875,-0.165496,0
0.300322,-0.165287,0
0.301895,-0.165073,0
0.303467,-0.164854,0
0.30504,-0.16463,0
0.306612,-0.1644,0
0.308184,-0.164166,0
0.309757,-0.163926,0
0.311329,-0.163682,0
0.312901,-0.163431,0
0.314474,-0.163175,0
0.316046,-0.162913,0
0.317618,-0.162646,0
0.319191,-0.162373,0
0.320763,-0.162095,0
0.322336,-0.161811,0
0.323908,-0.16152,0
0.32548,-0.161223,0
0.327053,-0.160919,0
0.328625,-0.16061,0
0.330197,-0.160295,0
0.33177,-0.159973,0
0.333342,-0.159644,0
0.334915,-0.159308,0
0.336487,-0.158966,0
0.338059,-0.158617,0
0.339632,-0.158261,0
0.341204,-0.157898,0
0.342776,-0.157528,0
0.344349,-0.15715,0
0.345921,-0.156765,0
0.347493,-0.156372,0
0.349066,-0.155972,0
0.350638,-0.155565,0
0.352211,-0.15515,0
0.353783,-0.154726,0
0.355355,-0.154295,0
0.356928,-0.153855,0
0.3585,-0.153407,0
0.360072,-0.152952,0
0.361645,-0.152488,0
0.363217,-0.152015,0
0.36479,-0.151533,0
0.366362,-0.151042,0
0.367934,-0.150542,0
0.369507,-0.150034,0
0.371079,-0.149518,0
0.372651,-0.148991,0
0.374224,-0.148455,0
0.375796,-0.147909,0
0.377368,-0.147354,0
0.378941,-0.14679,0
0.380513,-0.146216,0
0.382086,-0.145632,0
0.383658,-0.145038,0
0.38523,-0.144433,0
0.386803,-0.143818,0
0.388375,-0.143193,0
0.389947,-0.142559,0
0.39152,-0.141913,0
0.393092,-0.141257,0
0.394665,-0.140589,0
0.396237,-0.139911,0
0.397809,-0.139221,0
0.399382,-0.138521,0
0.400954,-0.137811,0
0.402526,-0.137088,0
0.404099,-0.136354,0
0.405671,-0.135607,0
0.407243,-0.13485,0
0.408816,-0.134081,0
0.410388,-0.1333,0
0.411961,-0.132508,0
0.413533,-0.131703,0
0.415105,-0.130885,0
0.416678,-0.130055,0
0.41825,-0.129213,0
0.419822,-0.128359,0
0.421395,-0.127493,0
0.422967,-0.126613,0
0.42454,-0.12572,0
0.426112,-0.124814,0
0.427684,-0.123896,0
0.429257,-0.122965,0
0.430829,-0.122021,0
0.432401,-0.121064,0
0.433974,-0.120092,0
0.435546,-0.119107,0
0.437118,-0.118108,0
0.438691,-0.117097,0
0.440263,-0.116072,0
0.441836,-0.115033,0
0.443408,-0.11398,0
0.44498,-0.112913,0
0.446553,-0.111831,0
0.448125,-0.110736,0
0.449697,-0.109627,0
0.45127,-0.108504,0
0.452842,-0.107366,0
0.454415,-0.106213,0
0.455987,-0.105046,0
0.457559,-0.103864,0
0.459132,-0.102668,0
0.460704,-0.101459,0
0.462276,-0.100234,0
0.463849,-0.0989933,0
0.465421,-0.0977376,0
0.466994,-0.0964672,0
0.468566,-0.0951824,0
0.470138,-0.0938835,0
0.471711,-0.0925694,0
0.473283,-0.0912393,0
0.474855,-0.0898936,0
0.476428,-0.0885326,0
0.478,-0.0871569,0
0.479572,-0.0857668,0
0.481145,-0.0843619,0
0.482717,-0.0829408,0
0.48429,-0.0815037,0
0.485862,-0.080051,0
0.487434,-0.0785832,0
0.489007,-0.0771008,0
0.490579,-0.0756038,0
0.492151,-0.0740907,0
0.493724,-0.0725613,0
0.495296,-0.0710161,0
0.496869,-0.0694556,0
0.498441,-0.0678802,0
0.500013,-0.0662903,0
0.501586,-0.064685,0
0.503158,-0.0630633,0
0.50473,-0.0614257,0
0.506303,-0.0597725,0
0.507875,-0.0581044,0
0.509447,-0.0564218,0
0.51102,-0.0547246,0
0.512592,-0.053011,0
0.514165,-0.0512814,0
0.515737,-0.0495363,0
0.517309,-0.0477763,0
0.518882,-0.0460019,0
0.520454,-0.0442135,0
0.522026,-0.0424094,0
0.523599,-0.0405894,0
0.525171,-0.0387541,0
0.526744,-0.036904,0
0.528316,-0.0350397,0
0.529888,-0.0331618,0
0.531461,-0.0312694,0
0.533033,-0.0293612,0
0.534605,-0.027438,0
0.536178,-0.0255003,0
0.53775,-0.0235488,0
0.539322,-0.021584,0
0.540895,-0.019606,0
0.542467,-0.0176131,0
0.54404,-0.0156055,0
0.545612,-0.0135838,0
0.547184,-0.0115489,0
0.548757,-0.00950114,0
0.550329,-0.00744125,0
0.551901,-0.0053676,0
0.553474,-0.00327981,0
0.555046,-0.00117861,0
0.556619,0.000935286,0
0.558191,0.00306117,0
0.559763,0.00519831,0
0.561336,0.00734728,0
0.562908,0.00950955,0
0.56448,0.0116844,0
0.566053,0.0138712,0
0.567625,0.016069,0
0.569197,0.0182772,0
0.57077,0.0204955,0
0.572342,0.0227258,0
0.573915,0.0249678,0
0.575487,0.0272206,0
0.577059,0.0294835,0
0.578632,0.0317557,0
0.580204,0.0340363,0
0.581776,0.0363268,0
0.583349,0.0386279,0
0.584921,0.0409387,0
0.586494,0.0432583,0
0.588066,0.0455858,0
0.589638,0.0479203,0
0.591211,0.0502622,0
0.592783,0.0526132,0
0.594355,0.0549726,0
0.595928,0.0573393,0
0.5975,0.0597125,0
0.599072,0.0620912,0
0.600645,0.0644749,0
0.602217,0.0668656,0
0.60379,0.0692633,0
0.605362,0.0716667,0
0.606934,0.074075,0
0.608507,0.076487,0
0.610079,0.0789019,0
0.611651,0.0813209,0
0.613224,0.0837451,0
0.614796,0.0861733,0
0.616369,0.0886046,0
0.617941,0.0910378,0
0.619513,0.0934718,0
0.621086,0.0959068,0
0.622658,0.0983449,0
0.62423,0.100785,0
0.625803,0.103227,0
0.627375,0.105668,0
0.628947,0.108108,0
0.63052,0.110546,0
0.632092,0.112984,0
0.633665,0.115423,0
0.635237,0.117861,0
0.636809,0.120296,0
0.638382,0.122728,0
0.639954,0.125155,0
0.641526,0.127579,0
0.643099,0.130001,0
0.644671,0.132421,0
0.646244,0.134835,0
0.647816,0.137244,0
0.649388,0.139646,0
0.650961,0.142041,0
0.652533,0.144431,0
0.654105,0.146816,0
0.655678,0.149195,0
0.65725,0.151565,0
0.658822,0.153926,0
0.660395,0.156276,0
0.661967,0.158619,0
0.66354,0.160954,0
0.665112,0.16328,0
0.666684,0.165596,0
0.668257,0.1679,0
0.669829,0.17019,0
0.671401,0.172468,0
0.672974,0.174737,0
0.674546,0.176995,0
0.676119,0.179239,0
0.677691,0.18147,0
0.679263,0.183684,0
0.680836,0.185883,0
0.682408,0.188068,0
0.68398,0.190241,0
0.685553,0.192398,0
0.687125,0.194539,0
0.688697,0.196662,0
0.69027,0.198764,0
0.691842,0.20085,0
0.693415,0.202921,0
0.694987,0.204975,0
0.696559,0.20701,0
0.698132,0.209024,0
0.699704,0.211016,0
0.701276,0.212986,0
0.702849,0.214939,0
0.704421,0.216873,0
0.705994,0.218787,0
0.707566,0.220677,0
0.709138,0.222542,0
0.710711,0.224381,0
0.712283,0.226201,0
0.713855,0.228,0
0.715428,0.229776,0
0.717,0.231527,0
0.718572,0.233251,0
0.720145,0.234946,0
0.721717,0.236617,0
0.72329,0.238265,0
0.724862,0.23989,0
0.726434,0.241488,0
0.728007,0.243057,0
0.729579,0.244594,0
0.731151,0.246101,0
0.732724,0.247586,0
0.734296,0.249045,0
0.735869,0.250476,0
0.737441,0.251877,0
0.739013,0.253245,0
0.740586,0.254577,0
0.742158,0.255884,0
0.74373,0.257165,0
0.745303,0.258418,0
0.746875,0.259638,0
0.748447,0.260824,0
0.75002,0.261972,0
0.751592,0.263089,0
0.753165,0.264181,0
0.754737,0.265244,0
0.756309,0.266275,0
0.757882,0.26727,0
0.759454,0.268224,0
0.761026,0.26914,0
0.762599,0.270033,0
0.764171,0.270897,0
0.765744,0.27173,0
0.767316,0.272526,0
0.768888,0.27328,0
0.770461,0.273988,0
0.772033,0.274671,0
0.773605,0.27533,0
0.775178,0.275959,0
0.77675,0.276551,0
0.778323,0.277098,0
0.779895,0.277595,0
0.781467,0.278058,0
0.78304,0.278507,0
0.784612,0.278931,0
0.786184,0.279318,0
0.787757,0.279657,0
0.789329,0.279937,0
0.790901,0.280161,0
0.792474,0.280376,0
0.794046,0.280578,0
0.795619,0.280753,0
0.797191,0.28089,0
0.798763,0.280975,0
0.800336,0.280996,0
0.801908,0.280973,0
0.80348,0.280921,0
0.805053,0.280846,0
0.806625,0.280752,0
0.808198,0.280643,0
0.80977,0.280524,0
0.811342,0.280371,0
0.812915,0.280143,0
0.814487,0.279856,0
0.816059,0.279522,0
0.817632,0.279158,0
0.819204,0.278777,0
0.820776,0.278386,0
0.822349,0.277947,0
0.823921,0.27746,0
0.825494,0.276932,0
0.827066,0.276371,0
0.828638,0.275784,0
0.830211,0.275178,0
0.831783,0.274537,0
0.833355,0.273853,0
0.834928,0.273129,0
0.8365,0.272372,0
0.838073,0.271587,0
0.839645,0.270778,0
0.841217,0.269944,0
0.84279,0.269069,0
0.844362,0.268158,0
0.845934,0.267214,0
0.847507,0.266241,0
0.849079,0.265244,0
0.850651,0.264225,0
0.852224,0.263171,0
0.853796,0.262083,0
0.855369,0.260964,0
0.856941,0.259817,0
0.858513,0.258646,0
0.860086,0.257453,0
0.861658,0.256234,0
0.86323,0.254982,0
0.864803,0.253702,0
0.866375,0.252395,0
0.867948,0.251065,0
0.86952,0.249715,0
0.871092,0.248344,0
0.872665,0.246944,0
0.874237,0.245518,0
0.875809,0.244068,0
0.877382,0.242596,0
0.878954,0.241105,0
0.880526,0.239597,0
0.882099,0.238066,0
0.883671,0.23651,0
0.885244,0.234934,0
0.886816,0.233338,0
0.888388,0.231725,0
0.889961,0.230097,0
0.891533,0.228451,0
0.893105,0.226785,0
0.894678,0.2251,0
0.89625,0.223398,0
0.897823,0.221682,0
0.899395,0.219952,0
0.900967,0.21821,0
0.90254,0.216451,0
0.904112,0.214677,0
0.905684,0.212888,0
0.907257,0.211087,0
0.908829,0.209275,0
0.910401,0.207455,0
0.911974,0.205622,0
0.913546,0.203776,0
0.915119,0.201918,0
0.916691,0.200051,0
0.918263,0.198177,0
0.919836,0.196296,0
0.921408,0.194407,0
0.92298,0.192508,0
0.924553,0.190601,0
0.926125,0.188687,0
0.927698,0.186767,0
0.92927,0.184844,0
0.930842,0.182917,0
0.932415,0.180984,0
0.933987,0.179044,0
0.935559,0.177101,0
0.937132,0.175154,0
0.938704,0.173206,0
0.940276,0.171257,0
0.941849,0.169306,0
0.943421,0.167351,0
0.944994,0.165395,0
0.946566,0.163437,0
0.948138,0.161481,0
0.949711,0.159526,0
0.951283,0.157573,0
0.952855,0.155619,0
0.954428,0.153665,0
0.956,0.151713,0
0.957573,0.149763,0
0.959145,0.147817,0
0.960717,0.145876,0
0.96229,0.143936,0
0.963862,0.141999,0
0.965434,0.140066,0
0.967007,0.138137,0
0.968579,0.136214,0
0.970151,0.134297,0
0.971724,0.132386,0
0.973296,0.130478,0
0.974869,0.128576,0
0.976441,0.12668,0
0.978013,0.124792,0
0.979586,0.122911,0
0.981158,0.121039,0
0.98273,0.119172,0
0.984303,0.117312,0
0.985875,0.11546,0
0.987448,0.113617,0
0.98902,0.111783,0
0.990592,0.109959,0
0.992165,0.108143,0
0.993737,0.106335,0
0.995309,0.104536,0
0.996882,0.102747,0
0.998454,0.100968,0
1.00003,0.0992011,0
1.0016,0.097444,0
1.00317,0.0956961,0
1.00474,0.0939582,0
1.00632,0.0922309,0
1.00789,0.0905151,0
1.00946,0.0888113,0
1.01103,0.0871196,0
1.01261,0.0854383,0
1.01418,0.0837677,0
1.01575,0.0821086,0
1.01732,0.0804615,0
1.01889,0.0788272,0
1.02047,0.0772061,0
1.02204,0.0755967,0
1.02361,0.0739986,0
1.02518,0.0724125,0
1.02676,0.0708389,0
1.02833,0.0692786,0
1.0299,0.067732,0
1.03147,0.0661984,0
1.03305,0.0646767,0
1.03462,0.0631673,0
1.03619,0.0616708,0
1.03776,0.0601877,0
1.03934,0.0587187,0
1.04091,0.0572636,0
1.04248,0.0558209,0
1.04405,0.0543907,0
1.04563,0.0529736,0
1.0472,0.0515701,0
1.04877,0.0501805,0
1.05034,0.0488054,0
1.05191,0.0474433,0
1.05349,0.0460938,0
1.05506,0.0447574,0
1.05663,0.0434345,0
1.0582,0.0421255,0
1.05978,0.0408308,0
1.06135,0.0395499,0
1.06292,0.0382816,0
1.06449,0.0370262,0
1.06607,0.0357841,0
1.06764,0.0345557,0
1.06921,0.0333413,0
1.07078,0.032141,0
1.07236,0.0309533,0
1.07393,0.0297783,0
1.0755,0.0286164,0
1.07707,0.0274677,0
1.07864,0.0263326,0
1.08022,0.0252115,0
1.08179,0.0241033,0
1.08336,0.0230073,0
1.08493,0.021924,0
1.08651,0.0208535,0
1.08808,0.0197961,0
1.08965,0.0187522,0
1.09122,0.0177213,0
1.0928,0.0167023,0
1.09437,0.0156955,0
1.09594,0.014701,0
1.09751,0.013719,0
1.09909,0.0127499,0
1.10066,0.0117937,0
1.10223,0.0108491,0
1.1038,0.00991611,0
1.10538,0.00899485,0
1.10695,0.00808556,0
1.10852,0.00718843,0
1.11009,0.00630367,0
1.11166,0.00543048,0
1.11324,0.00456826,0
1.11481,0.00371717,0
1.11638,0.0028774,0
1.11795,0.00204913,0
1.11953,0.00123254,0
1.1211,0.000427401,0
1.12267,-0.000367325,0
1.12424,-0.00115155,0
1.12582,-0.00192511,0
1.12739,-0.00268784,0
1.12896,-0.00343958,0
1.13053,-0.00418026,0
1.13211,-0.00491088,0
1.13368,-0.00563166,0
1.13525,-0.00634241,0
1.13682,-0.007043,0
1.13839,-0.00773327,0
1.13997,-0.00841306,0
1.14154,-0.00908297,0
1.14311,-0.00974365,0
1.14468,-0.010395,0
1.14626,-0.0110368,0
1.14783,-0.0116689,0
1.1494,-0.0122911,0
1.15097,-0.0129037,0
1.15255,-0.0135076,0
1.15412,-0.0141027,0
1.15569,-0.014689,0
1.15726,-0.0152661,0
1.15884,-0.0158341,0
1.16041,-0.0163927,0
1.16198,-0.0169429,0
1.16355,-0.017485,0
1.16513,-0.0180187,0
1.1667,-0.018544,0
1.16827,-0.0190607,0
1.16984,-0.0195686,0
1.17141,-0.0200682,0
1.17299,-0.0205602,0
1.17456,-0.0210444,0
1.17613,-0.0215208,0
1.1777,-0.0219891,0
1.17928,-0.0224493,0
1.18085,-0.0229014,0
1.18242,-0.0233462,0
1.18399,-0.0237839,0
1.18557,-0.0242143,0
1.18714,-0.0246372,0
1.18871,-0.0250526,0
1.19028,-0.0254602,0
1.19186,-0.0258609,0
1.19343,-0.026255,0
1.195,-0.0266423,0
1.19657,-0.0270228,0
1.19814,-0.0273963,0
1.19972,-0.0277627,0
1.20129,-0.0281223,0
1.20286,-0.0284758,0
1.20443,-0.0288231,0
1.20601,-0.0291642,0
1.20758,-0.0294989,0
1.20915,-0.0298272,0
1.21072,-0.0301491,0
1.2123,-0.0304652,0
1.21387,-0.0307757,0
1.21544,-0.0310806,0
1.21701,-0.0313797,0
1.21859,-0.031673,0
1.22016,-0.0319606,0
1.22173,-0.0322428,0
1.2233,-0.0325199,0
1.22488,-0.0327919,0
1.22645,-0.0330588,0
1.22802,-0.0333207,0
1.22959,-0.0335773,0
1.23116,-0.0338291,0
1.23274,-0.0340763,0
1.23431,-0.0343189,0
1.23588,-0.034557,0
1.23745,-0.0347906,0
1.23903,-0.0350198,0
1.2406,-0.0352446,0
1.24217,-0.0354652,0
1.24374,-0.0356819,0
1.24532,-0.0358945,0
1.24689,-0.0361033,0
1.24846,-0.0363081,0
1.25003,-0.0365091,0
1.25161,-0.0367063,0
1.25318,-0.0369001,0
1.25475,-0.0370904,0
1.25632,-0.0372772,0
1.25789,-0.0374606,0
1.25947,-0.0376405,0
1.26104,-0.0378171,0
1.26261,-0.0379906,0
1.26418,-0.0381611,0
1.26576,-0.0383284,0
1.26733,-0.0384927,0
1.2689,-0.0386537,0
1.27047,-0.0388116,0
1.27205,-0.0389668,0
1.27362,-0.0391192,0
1.27519,-0.0392688,0
1.27676,-0.0394155,0
1.27834,-0.0395593,0
1.27991,-0.0396999,0
1.28148,-0.0398377,0
1.28305,-0.0399731,0
1.28463,-0.0401059,0
1.2862,-0.040236,0
1.28777,-0.0403631,0
1.28934,-0.0404871,0
1.29091,-0.0406081,0
1.29249,-0.0407267,0
1.29406,-0.0408429,0
1.29563,-0.0409563,0
1.2972,-0.0410669,0
1.29878,-0.0411743,0
1.30035,-0.0412784,0
1.30192,-0.0413799,0
1.30349,-0.0414791,0
1.30507,-0.0415757,0
1.30664,-0.0416694,0
1.30821,-0.0417599,0
1.30978,-0.041847,0
1.31136,-0.0419309,0
1.31293,-0.0420127,0
1.3145,-0.042092,0
1.31607,-0.0421684,0
1.31764,-0.0422418,0
1.31922,-0.0423117,0
1.32079,-0.0423782,0
1.32236,-0.0424424,0
1.32393,-0.0425043,0
1.32551,-0.0425636,0
1.32708,-0.0426201,0
1.32865,-0.0426734,0
1.33022,-0.0427233,0
1.3318,-0.0427707,0
1.33337,-0.0428161,0
1.33494,-0.0428593,0
1.33651,-0.0429001,0
1.33809,-0.0429382,0
1.33966,-0.0429736,0
1.34123,-0.0430063,0
1.3428,-0.0430373,0
1.34438,-0.0430665,0
1.34595,-0.043094,0
1.34752,-0.0431196,0
1.34909,-0.0431433,0
1.35066,-0.043165,0
1.35224,-0.0431852,0
1.35381,-0.0432041,0
1.35538,-0.0432218,0
1.35695,-0.0432384,0
1.35853,-0.0432543,0
1.3601,-0.0432694,0
1.36167,-0.0432836,0
1.36324,-0.0432969,0
1.36482,-0.0433095,0
1.36639,-0.0433217,0
1.36796,-0.043334,0
1.36953,-0.0433465,0
1.37111,-0.0433593,0
1.37268,-0.0433719,0
1.37425,-0.0433844,0
1.37582,-0.0433972,0
1.37739,-0.0434103,0
1.37897,-0.0434241,0
1.38054,-0.0434389,0
1.38211,-0.0434544,0
1.38368,-0.0434707,0
1.38526,-0.0434877,0
1.38683,-0.0435056,0
1.3884,-0.0435243,0
1.38997,-0.0435439,0
1.39155,-0.0435646,0
1.39312,-0.0435866,0
1.39469,-0.0436098,0
1.39626,-0.043634,0
1.39784,-0.0436591,0
1.39941,-0.0436851,0
1.40098,-0.0437118,0
1.40255,-0.0437399,0
1.40413,-0.0437691,0
1.4057,-0.0437994,0
1.40727,-0.0438305,0
1.40884,-0.0438624,0
1.41041,-0.0438948,0
1.41199,-0.043928,0
1.41356,-0.0439622,0
1.41513,-0.0439973,0
1.4167,-0.0440331,0
1.41828,-0.0440698,0
1.41985,-0.0441071,0
1.42142,-0.0441451,0
1.42299,-0.0441836,0
1.42457,-0.044223,0
1.42614,-0.0442635,0
1.42771,-0.0443051,0
1.42928,-0.0443482,0
1.43086,-0.0443928,0
1.43243,-0.0444383,0
1.434,-0.0444851,0
1.43557,-0.0445337,0
1.43714,-0.0445846,0
1.43872,-0.0446382,0
1.44029,-0.0446951,0
1.44186,-0.0447549,0
1.44343,-0.0448179,0
1.44501,-0.0448846,0
1.44658,-0.0449554,0
1.44815,-0.0450309,0
1.44972,-0.0451115,0
1.4513,-0.0451981,0
1.45287,-0.0452918,0
1.45444,-0.0453927,0
1.45601,-0.0455008,0
1.45759,-0.0456163,0
1.45916,-0.0457392,0
1.46073,-0.0458701,0
1.4623,-0.0460129,0
1.46388,-0.0461676,0
1.46545,-0.0463335,0
1.46702,-0.04651,0
1.46859,-0.0466965,0
1.47016,-0.0468922,0
1.47174,-0.047102,0
1.47331,-0.0473283,0
1.47488,-0.0475694,0
1.47645,-0.0478239,0
1.47803,-0.0480901,0
1.4796,-0.0483665,0
1.48117,-0.0486549,0
1.48274,-0.0489617,0
1.48432,-0.049285,0
1.48589,-0.0496224,0
1.48746,-0.0499717,0
1.48903,-0.0503307,0
1.49061,-0.0506979,0
1.49218,-0.0510799,0
1.49375,-0.0514768,0
1.49532,-0.0518864,0
1.49689,-0.0523063,0
1.49847,-0.0527345,0
1.50004,-0.0531686,0
1.50161,-0.0536102,0
1.50318,-0.0540619,0
1.50476,-0.0545232,0
1.50633,-0.054994,0
1.5079,-0.0554741,0
1.50947,-0.055963,0
1.51105,-0.0564593,0
1.51262,-0.0569604,0
1.51419,-0.0574699,0
1.51576,-0.057992,0
1.51734,-0.0585309,0
1.51891,-0.0590906,0
1.52048,-0.0596744,0
1.52205,-0.0602731,0
1.52363,-0.0608895,0
1.5252,-0.0615314,0
1.52677,-0.0622067,0
1.52834,-0.0629231,0
1.52991,-0.0636884,0
1.53149,-0.0645066,0
1.53306,-0.0653789,0
1.53463,-0.0663104,0
1.5362,-0.0673065,0
1.53778,-0.0683722,0
1.53935,-0.069513,0
1.54092,-0.07074,0
1.54249,-0.0720819,0
1.54407,-0.0735391,0
1.54564,-0.0751087,0
1.54721,-0.0767879,0
1.54878,-0.0785737,0
1.55036,-0.0804648,0
1.55193,-0.0824962,0
1.5535,-0.0846894,0
1.55507,-0.0870508,0
1.55665,-0.0895868,0
1.55822,-0.0923039,0
1.55979,-0.0952085,0
1.56136,-0.0983019,0
1.56293,-0.101613,0
1.56451,-0.105201,0
1.56608,-0.109126,0
1.56765,-0.113449,0
1.56922,-0.118229,0
1.5708,-0.123664,0
