# 20240725_151621
alpha,Dfield0Re,Dfield0Im
0,0,0
0.00157237,7.6403e-06,0
0.00314474,1.63681e-05,0
0.00471711,2.70514e-05,0
0.00628947,3.91285e-05,0
0.00786184,5.24019e-05,0
0.00943421,6.6841e-05,0
0.0110066,8.24155e-05,0
0.0125789,9.90961e-05,0
0.0141513,0.00011685,0
0.0157237,0.000135649,0
0.0172961,0.000155461,0
0.0188684,0.000176259,0
0.0204408,0.00019815,0
0.0220132,0.000221724,0
0.0235855,0.000247003,0
0.0251579,0.000273924,0
0.0267303,0.000302431,0
0.0283026,0.000332468,0
0.029875,0.000363973,0
0.0314474,0.00039689,0
0.0330197,0.000431165,0
0.0345921,0.000466735,0
0.0361645,0.000503547,0
0.0377368,0.000541545,0
0.0393092,0.000580666,0
0.0408816,0.000620857,0
0.042454,0.000662056,0
0.0440263,0.000704211,0
0.0455987,0.000747257,0
0.0471711,0.000791139,0
0.0487434,0.0008358,0
0.0503158,0.000881177,0
0.0518882,0.000927698,0
0.0534605,0.000976038,0
0.0550329,0.00102617,0
0.0566053,0.00107807,0
0.0581776,0.00113171,0
0.05975,0.00118705,0
0.0613224,0.00124408,0
0.0628947,0.00130275,0
0.0644671,0.00136304,0
0.0660395,0.00142492,0
0.0676119,0.00148836,0
0.0691842,0.00155333,0
0.0707566,0.00161979,0
0.072329,0.00168773,0
0.0739013,0.00175712,0
0.0754737,0.00182792,0
0.0770461,0.00190011,0
0.0786184,0.00197366,0
0.0801908,0.00204854,0
0.0817632,0.00212472,0
0.0833355,0.00220216,0
0.0849079,0.00228085,0
0.0864803,0.00236074,0
0.0880526,0.00244182,0
0.089625,0.00252404,0
0.0911974,0.0026074,0
0.0927698,0.00269186,0
0.0943421,0.00277773,0
0.0959145,0.00286542,0
0.0974869,0.0029549,0
0.0990592,0.00304619,0
0.100632,0.00313923,0
0.102204,0.0032341,0
0.103776,0.00333073,0
0.105349,0.00342907,0
0.106921,0.00352922,0
0.108493,0.00363115,0
0.110066,0.00373475,0
0.111638,0.00384016,0
0.113211,0.00394725,0
0.114783,0.00405612,0
0.116355,0.00416672,0
0.117928,0.00427897,0
0.1195,0.00439298,0
0.121072,0.00450869,0
0.122645,0.00462602,0
0.124217,0.00474512,0
0.125789,0.00486591,0
0.127362,0.0049883,0
0.128934,0.00511245,0
0.130507,0.00523818,0
0.132079,0.00536566,0
0.133651,0.00549478,0
0.135224,0.00562548,0
0.136796,0.00575789,0
0.138368,0.00589194,0
0.139941,0.00602752,0
0.141513,0.00616482,0
0.143086,0.00630365,0
0.144658,0.00644419,0
0.14623,0.00658635,0
0.147803,0.00673002,0
0.149375,0.00687538,0
0.150947,0.00702234,0
0.15252,0.00717079,0
0.154092,0.0073209,0
0.155665,0.00747249,0
0.157237,0.00762575,0
0.158809,0.00778056,0
0.160382,0.00793686,0
0.161954,0.00809482,0
0.163526,0.00825432,0
0.165099,0.00841529,0
0.166671,0.00857789,0
0.168243,0.00874203,0
0.169816,0.00890772,0
0.171388,0.00907618,0
0.172961,0.00924742,0
0.174533,0.00942162,0
0.176105,0.00959868,0
0.177678,0.00977849,0
0.17925,0.00996125,0
0.180822,0.0101468,0
0.182395,0.0103351,0
0.183967,0.0105263,0
0.18554,0.0107201,0
0.187112,0.0109169,0
0.188684,0.0111164,0
0.190257,0.0113185,0
0.191829,0.0115234,0
0.193401,0.0117311,0
0.194974,0.0119414,0
0.196546,0.0121545,0
0.198118,0.0123703,0
0.199691,0.0125887,0
0.201263,0.0128097,0
0.202836,0.0130333,0
0.204408,0.0132597,0
0.20598,0.0134887,0
0.207553,0.0137201,0
0.209125,0.0139542,0
0.210697,0.0141909,0
0.21227,0.01443,0
0.213842,0.0146717,0
0.215415,0.0149159,0
0.216987,0.0151629,0
0.218559,0.0154122,0
0.220132,0.015664,0
0.221704,0.0159184,0
0.223276,0.0161753,0
0.224849,0.0164345,0
0.226421,0.0166962,0
0.227993,0.0169606,0
0.229566,0.0172272,0
0.231138,0.0174964,0
0.232711,0.0177679,0
0.234283,0.018042,0
0.235855,0.0183184,0
0.237428,0.0185968,0
0.239,0.0188777,0
0.240572,0.0191609,0
0.242145,0.019446,0
0.243717,0.0197335,0
0.24529,0.0200233,0
0.246862,0.0203155,0
0.248434,0.0206101,0
0.250007,0.0209067,0
0.251579,0.0212059,0
0.253151,0.0215073,0
0.254724,0.0218106,0
0.256296,0.0221164,0
0.257868,0.0224243,0
0.259441,0.0227342,0
0.261013,0.0230469,0
0.262586,0.0233623,0
0.264158,0.0236806,0
0.26573,0.0240012,0
0.267303,0.0243234,0
0.268875,0.0246477,0
0.270447,0.0249734,0
0.27202,0.0253002,0
0.273592,0.0256311,0
0.275165,0.0259661,0
0.276737,0.0263061,0
0.278309,0.0266544,0
0.279882,0.0270105,0
0.281454,0.0273742,0
0.283026,0.0277445,0
0.284599,0.02812,0
0.286171,0.0285005,0
0.287743,0.0288847,0
0.289316,0.0292713,0
0.290888,0.0296595,0
0.292461,0.0300479,0
0.294033,0.030441,0
0.295605,0.0308442,0
0.297178,0.031256,0
0.29875,0.0316758,0
0.300322,0.032102,0
0.301895,0.0325327,0
0.303467,0.0329672,0
0.30504,0.0334035,0
0.306612,0.0338404,0
0.308184,0.034276,0
0.309757,0.0347092,0
0.311329,0.0351508,0
0.312901,0.0356027,0
0.314474,0.0360631,0
0.316046,0.0365307,0
0.317618,0.0370034,0
0.319191,0.0374789,0
0.320763,0.0379558,0
0.322336,0.0384308,0
0.323908,0.0389021,0
0.32548,0.039368,0
0.327053,0.0398452,0
0.328625,0.0403167,0
0.330197,0.0407998,0
0.33177,0.0412934,0
0.333342,0.0417975,0
0.334915,0.0423101,0
0.336487,0.0428314,0
0.338059,0.0433596,0
0.339632,0.0438934,0
0.341204,0.0444323,0
0.342776,0.0449748,0
0.344349,0.0455208,0
0.345921,0.0460677,0
0.347493,0.0466147,0
0.349066,0.047168,0
0.350638,0.0477279,0
0.352211,0.0482928,0
0.353783,0.0488624,0
0.355355,0.0494356,0
0.356928,0.0500114,0
0.3585,0.0505894,0
0.360072,0.0511695,0
0.361645,0.0517555,0
0.363217,0.0523489,0
0.36479,0.052949,0
0.366362,0.0535569,0
0.367934,0.0541721,0
0.369507,0.0547947,0
0.371079,0.0554253,0
0.372651,0.056064,0
0.374224,0.0567104,0
0.375796,0.0573655,0
0.377368,0.0580256,0
0.378941,0.0586879,0
0.380513,0.0593539,0
0.382086,0.0600227,0
0.383658,0.0606949,0
0.38523,0.0613698,0
0.386803,0.0620467,0
0.388375,0.0627257,0
0.389947,0.0634057,0
0.39152,0.0640853,0
0.393092,0.0647661,0
0.394665,0.0654702,0
0.396237,0.0661979,0
0.397809,0.0669374,0
0.399382,0.0676773,0
0.400954,0.0684071,0
0.402526,0.0691239,0
0.404099,0.0698634,0
0.405671,0.0706253,0
0.407243,0.0714002,0
0.408816,0.0721779,0
0.410388,0.0729558,0
0.411961,0.0737113,0
0.413533,0.074486,0
0.415105,0.0752792,0
0.416678,0.0760745,0
0.41825,0.0768563,0
0.419822,0.0776371,0
0.421395,0.0784442,0
0.422967,0.0792711,0
0.42454,0.080109,0
0.426112,0.0809504,0
0.427684,0.0817913,0
0.429257,0.0826375,0
0.430829,0.08349,0
0.432401,0.0843477,0
0.433974,0.0852093,0
0.435546,0.0860751,0
0.437118,0.0869435,0
0.438691,0.0878129,0
0.440263,0.088683,0
0.441836,0.0895515,0
0.443408,0.0904175,0
0.44498,0.0912998,0
0.446553,0.0922107,0
0.448125,0.0931333,0
0.449697,0.0940481,0
0.45127,0.0949421,0
0.452842,0.0958499,0
0.454415,0.0967759,0
0.455987,0.0977175,0
0.457559,0.09867,0
0.459132,0.0996279,0
0.460704,0.100587,0
0.462276,0.101551,0
0.463849,0.102512,0
0.465421,0.103478,0
0.466994,0.104472,0
0.468566,0.105462,0
0.470138,0.106436,0
0.471711,0.107422,0
0.473283,0.108421,0
0.474855,0.109428,0
0.476428,0.11044,0
0.478,0.11145,0
0.479572,0.112462,0
0.481145,0.113494,0
0.482717,0.11454,0
0.48429,0.115599,0
0.485862,0.116665,0
0.487434,0.117734,0
0.489007,0.118803,0
0.490579,0.119868,0
0.492151,0.120926,0
0.493724,0.121966,0
0.495296,0.123004,0
0.496869,0.124062,0
0.498441,0.125144,0
0.500013,0.126234,0
0.501586,0.127328,0
0.503158,0.128432,0
0.50473,0.12954,0
0.506303,0.130651,0
0.507875,0.131763,0
0.509447,0.132875,0
0.51102,0.133989,0
0.512592,0.135109,0
0.514165,0.13624,0
0.515737,0.13738,0
0.517309,0.138527,0
0.518882,0.13968,0
0.520454,0.140839,0
0.522026,0.142003,0
0.523599,0.143172,0
0.525171,0.144342,0
0.526744,0.14549,0
0.528316,0.146623,0
0.529888,0.147754,0
0.531461,0.148894,0
0.533033,0.150054,0
0.534605,0.151233,0
0.536178,0.152423,0
0.53775,0.15362,0
0.539322,0.154825,0
0.540895,0.156033,0
0.542467,0.157239,0
0.54404,0.158443,0
0.545612,0.159648,0
0.547184,0.160855,0
0.548757,0.162066,0
0.550329,0.163281,0
0.551901,0.164502,0
0.553474,0.165726,0
0.555046,0.166954,0
0.556619,0.168196,0
0.558191,0.169449,0
0.559763,0.170702,0
0.561336,0.171953,0
0.562908,0.17321,0
0.56448,0.174478,0
0.566053,0.175749,0
0.567625,0.177012,0
0.569197,0.178266,0
0.57077,0.179518,0
0.572342,0.180771,0
0.573915,0.182027,0
0.575487,0.183285,0
0.577059,0.184543,0
0.578632,0.1858,0
0.580204,0.187054,0
0.581776,0.188304,0
0.583349,0.189552,0
0.584921,0.190788,0
0.586494,0.192012,0
0.588066,0.193232,0
0.589638,0.194454,0
0.591211,0.195686,0
0.592783,0.196933,0
0.594355,0.198191,0
0.595928,0.19946,0
0.5975,0.200741,0
0.599072,0.202039,0
0.600645,0.203319,0
0.602217,0.204602,0
0.60379,0.205922,0
0.605362,0.207229,0
0.606934,0.208485,0
0.608507,0.209716,0
0.610079,0.210929,0
0.611651,0.212131,0
0.613224,0.21333,0
0.614796,0.214534,0
0.616369,0.215792,0
0.617941,0.21708,0
0.619513,0.218376,0
0.621086,0.219657,0
0.622658,0.220919,0
0.62423,0.222178,0
0.625803,0.223432,0
0.627375,0.224692,0
0.628947,0.225966,0
0.63052,0.227195,0
0.632092,0.228391,0
0.633665,0.229571,0
0.635237,0.230745,0
0.636809,0.231922,0
0.638382,0.233086,0
0.639954,0.234248,0
0.641526,0.235418,0
0.643099,0.236611,0
0.644671,0.237846,0
0.646244,0.239073,0
0.647816,0.240294,0
0.649388,0.241501,0
0.650961,0.242721,0
0.652533,0.243982,0
0.654105,0.245147,0
0.655678,0.246243,0
0.65725,0.2473,0
0.658822,0.248344,0
0.660395,0.249399,0
0.661967,0.250462,0
0.66354,0.251608,0
0.665112,0.252801,0
0.666684,0.25396,0
0.668257,0.255092,0
0.669829,0.256217,0
0.671401,0.257344,0
0.672974,0.258495,0
0.674546,0.259556,0
0.676119,0.260474,0
0.677691,0.261399,0
0.679263,0.26249,0
0.680836,0.263837,0
0.682408,0.26514,0
0.68398,0.266407,0
0.685553,0.266966,0
0.687125,0.267511,0
0.688697,0.268496,0
0.69027,0.269619,0
0.691842,0.270889,0
0.693415,0.271863,0
0.694987,0.272693,0
0.696559,0.27355,0
0.698132,0.274542,0
0.699704,0.275564,0
0.701276,0.276553,0
0.702849,0.277521,0
0.704421,0.278477,0
0.705994,0.279472,0
0.707566,0.280386,0
0.709138,0.281204,0
0.710711,0.281963,0
0.712283,0.28269,0
0.713855,0.283409,0
0.715428,0.284143,0
0.717,0.28492,0
0.718572,0.28575,0
0.720145,0.286592,0
0.721717,0.287399,0
0.72329,0.288206,0
0.724862,0.288993,0
0.726434,0.289763,0
0.728007,0.290519,0
0.729579,0.291263,0
0.731151,0.292,0
0.732724,0.292729,0
0.734296,0.293448,0
0.735869,0.294153,0
0.737441,0.294859,0
0.739013,0.295546,0
0.740586,0.296226,0
0.742158,0.296945,0
0.74373,0.297514,0
0.745303,0.297995,0
0.746875,0.29842,0
0.748447,0.29882,0
0.75002,0.299226,0
0.751592,0.299668,0
0.753165,0.300147,0
0.754737,0.300686,0
0.756309,0.30124,0
0.757882,0.301748,0
0.759454,0.302256,0
0.761026,0.302743,0
0.762599,0.303211,0
0.764171,0.303664,0
0.765744,0.304102,0
0.767316,0.304525,0
0.768888,0.30493,0
0.770461,0.305316,0
0.772033,0.305685,0
0.773605,0.306035,0
0.775178,0.306367,0
0.77675,0.306677,0
0.778323,0.30697,0
0.779895,0.307244,0
0.781467,0.307509,0
0.78304,0.307764,0
0.784612,0.308004,0
0.786184,0.308238,0
0.787757,0.308453,0
0.789329,0.30869,0
0.790901,0.308804,0
0.792474,0.30883,0
0.794046,0.308804,0
0.795619,0.308757,0
0.797191,0.308715,0
0.798763,0.308652,0
0.800336,0.30858,0
0.801908,0.308542,0
0.80348,0.308611,0
0.805053,0.308655,0
0.806625,0.30867,0
0.808198,0.308674,0
0.80977,0.308656,0
0.811342,0.308622,0
0.812915,0.30857,0
0.814487,0.308498,0
0.816059,0.308404,0
0.817632,0.30829,0
0.819204,0.308156,0
0.820776,0.308002,0
0.822349,0.307826,0
0.823921,0.307627,0
0.825494,0.307406,0
0.827066,0.307162,0
0.828638,0.306896,0
0.830211,0.306614,0
0.831783,0.306326,0
0.833355,0.306035,0
0.834928,0.305737,0
0.8365,0.305432,0
0.838073,0.305119,0
0.839645,0.304797,0
0.841217,0.304463,0
0.84279,0.30412,0
0.844362,0.303766,0
0.845934,0.303398,0
0.847507,0.303015,0
0.849079,0.302619,0
0.850651,0.302206,0
0.852224,0.301776,0
0.853796,0.301329,0
0.855369,0.300863,0
0.856941,0.300378,0
0.858513,0.299873,0
0.860086,0.299347,0
0.861658,0.298799,0
0.86323,0.298228,0
0.864803,0.297634,0
0.866375,0.297016,0
0.867948,0.29637,0
0.86952,0.2957,0
0.871092,0.295005,0
0.872665,0.294283,0
0.874237,0.293533,0
0.875809,0.292753,0
0.877382,0.291944,0
0.878954,0.291105,0
0.880526,0.290237,0
0.882099,0.289355,0
0.883671,0.288464,0
0.885244,0.287564,0
0.886816,0.286653,0
0.888388,0.285735,0
0.889961,0.284808,0
0.891533,0.283873,0
0.893105,0.282929,0
0.894678,0.281977,0
0.89625,0.281017,0
0.897823,0.280048,0
0.899395,0.279072,0
0.900967,0.27809,0
0.90254,0.2771,0
0.904112,0.276103,0
0.905684,0.275098,0
0.907257,0.274087,0
0.908829,0.273069,0
0.910401,0.272045,0
0.911974,0.271015,0
0.913546,0.269979,0
0.915119,0.268937,0
0.916691,0.267883,0
0.918263,0.26683,0
0.919836,0.265777,0
0.921408,0.26472,0
0.92298,0.263652,0
0.924553,0.262581,0
0.926125,0.261506,0
0.927698,0.260427,0
0.92927,0.259344,0
0.930842,0.258258,0
0.932415,0.257168,0
0.933987,0.256075,0
0.935559,0.25498,0
0.937132,0.253882,0
0.938704,0.252781,0
0.940276,0.251679,0
0.941849,0.250574,0
0.943421,0.249467,0
0.944994,0.24836,0
0.946566,0.247251,0
0.948138,0.246141,0
0.949711,0.24503,0
0.951283,0.243919,0
0.952855,0.242808,0
0.954428,0.241696,0
0.956,0.240585,0
0.957573,0.239474,0
0.959145,0.238362,0
0.960717,0.237252,0
0.96229,0.236143,0
0.963862,0.235036,0
0.965434,0.233929,0
0.967007,0.232824,0
0.968579,0.231722,0
0.970151,0.230622,0
0.971724,0.229522,0
0.973296,0.228425,0
0.974869,0.227331,0
0.976441,0.226239,0
0.978013,0.225151,0
0.979586,0.224059,0
0.981158,0.222962,0
0.98273,0.22186,0
0.984303,0.220755,0
0.985875,0.219646,0
0.987448,0.218534,0
0.98902,0.217419,0
0.990592,0.2163,0
0.992165,0.21518,0
0.993737,0.214058,0
0.995309,0.212935,0
0.996882,0.211811,0
0.998454,0.210686,0
1.00003,0.209564,0
1.0016,0.208437,0
1.00317,0.207309,0
1.00474,0.20618,0
1.00632,0.20506,0
1.00789,0.203933,0
1.00946,0.202809,0
1.01103,0.201686,0
1.01261,0.200572,0
1.01418,0.199452,0
1.01575,0.198337,0
1.01732,0.197227,0
1.01889,0.196117,0
1.02047,0.195004,0
1.02204,0.193885,0
1.02361,0.192789,0
1.02518,0.191705,0
1.02676,0.190585,0
1.02833,0.18954,0
1.0299,0.188303,0
1.03147,0.186691,0
1.03305,0.184241,0
1.03462,0.181728,0
1.03619,0.180006,0
1.03776,0.179212,0
1.03934,0.178077,0
1.04091,0.176964,0
1.04248,0.175816,0
1.04405,0.174712,0
1.04563,0.173618,0
1.0472,0.172528,0
1.04877,0.171443,0
1.05034,0.170362,0
1.05191,0.16929,0
1.05349,0.168232,0
1.05506,0.167174,0
1.05663,0.166125,0
1.0582,0.165082,0
1.05978,0.164053,0
1.06135,0.163027,0
1.06292,0.162006,0
1.06449,0.160995,0
1.06607,0.159997,0
1.06764,0.158999,0
1.06921,0.158011,0
1.07078,0.15703,0
1.07236,0.156064,0
1.07393,0.155098,0
1.0755,0.154144,0
1.07707,0.153194,0
1.07864,0.152253,0
1.08022,0.151329,0
1.08179,0.150406,0
1.08336,0.149491,0
1.08493,0.148585,0
1.08651,0.147694,0
1.08808,0.146798,0
1.08965,0.145897,0
1.09122,0.145031,0
1.0928,0.144214,0
1.09437,0.14344,0
1.09594,0.142699,0
1.09751,0.141609,0
1.09909,0.140186,0
1.10066,0.138504,0
1.10223,0.135353,0
1.1038,0.133628,0
1.10538,0.132688,0
1.10695,0.131929,0
1.10852,0.130957,0
1.11009,0.130208,0
1.11166,0.129532,0
1.11324,0.128852,0
1.11481,0.128077,0
1.11638,0.127232,0
1.11795,0.126389,0
1.11953,0.125557,0
1.1211,0.124761,0
1.12267,0.124031,0
1.12424,0.123281,0
1.12582,0.12253,0
1.12739,0.121787,0
1.12896,0.121047,0
1.13053,0.12031,0
1.13211,0.119584,0
1.13368,0.11886,0
1.13525,0.118141,0
1.13682,0.117427,0
1.13839,0.116718,0
1.13997,0.11602,0
1.14154,0.115321,0
1.14311,0.114627,0
1.14468,0.11394,0
1.14626,0.113261,0
1.14783,0.112573,0
1.1494,0.111911,0
1.15097,0.111287,0
1.15255,0.110639,0
1.15412,0.109921,0
1.15569,0.109182,0
1.15726,0.108448,0
1.15884,0.10776,0
1.16041,0.107285,0
1.16198,0.106863,0
1.16355,0.106159,0
1.16513,0.104819,0
1.1667,0.102441,0
1.16827,0.100207,0
1.16984,0.0982483,0
1.17141,0.0973397,0
1.17299,0.0971209,0
1.17456,0.0969092,0
1.17613,0.0963645,0
1.1777,0.0956917,0
1.17928,0.095161,0
1.18085,0.0945622,0
1.18242,0.0939606,0
1.18399,0.0934012,0
1.18557,0.0928665,0
1.18714,0.0923307,0
1.18871,0.0917817,0
1.19028,0.0912261,0
1.19186,0.0906743,0
1.19343,0.0901244,0
1.195,0.0895859,0
1.19657,0.0890589,0
1.19814,0.0885319,0
1.19972,0.0880125,0
1.20129,0.0874937,0
1.20286,0.086978,0
1.20443,0.0864655,0
1.20601,0.0859595,0
1.20758,0.0854527,0
1.20915,0.0849456,0
1.21072,0.0844459,0
1.2123,0.083957,0
1.21387,0.0834634,0
1.21544,0.082959,0
1.21701,0.082447,0
1.21859,0.0819412,0
1.22016,0.0814453,0
1.22173,0.0809818,0
1.2233,0.0805352,0
1.22488,0.0800065,0
1.22645,0.0794794,0
1.22802,0.079172,0
1.22959,0.0787029,0
1.23116,0.0778744,0
1.23274,0.0769591,0
1.23431,0.075936,0
1.23588,0.0741522,0
1.23745,0.0728137,0
1.23903,0.072229,0
1.2406,0.071569,0
1.24217,0.0711628,0
1.24374,0.0708787,0
1.24532,0.0704843,0
1.24689,0.0700454,0
1.24846,0.0696379,0
1.25003,0.0692587,0
1.25161,0.0688652,0
1.25318,0.0684607,0
1.25475,0.0680571,0
1.25632,0.0676625,0
1.25789,0.0672748,0
1.25947,0.0668931,0
1.26104,0.0665097,0
1.26261,0.0661244,0
1.26418,0.0657397,0
1.26576,0.0653606,0
1.26733,0.0649797,0
1.2689,0.0645996,0
1.27047,0.0642209,0
1.27205,0.0638457,0
1.27362,0.0634697,0
1.27519,0.0630951,0
1.27676,0.0627216,0
1.27834,0.0623514,0
1.27991,0.0619796,0
1.28148,0.0616087,0
1.28305,0.0612385,0
1.28463,0.0608716,0
1.2862,0.0605036,0
1.28777,0.0601365,0
1.28934,0.05977,0
1.29091,0.0594039,0
1.29249,0.0590414,0
1.29406,0.0586785,0
1.29563,0.0583173,0
1.2972,0.0579567,0
1.29878,0.0575986,0
1.30035,0.0572372,0
1.30192,0.056875,0
1.30349,0.0565131,0
1.30507,0.056155,0
1.30664,0.0557977,0
1.30821,0.055445,0
1.30978,0.0550908,0
1.31136,0.0547343,0
1.31293,0.0543923,0
1.3145,0.0540466,0
1.31607,0.0536854,0
1.31764,0.0530957,0
1.31922,0.0524834,0
1.32079,0.0518659,0
1.32236,0.0512564,0
1.32393,0.0506887,0
1.32551,0.0502492,0
1.32708,0.0498946,0
1.32865,0.0495782,0
1.33022,0.0492526,0
1.3318,0.0489545,0
1.33337,0.0486962,0
1.33494,0.0484545,0
1.33651,0.0482044,0
1.33809,0.0479299,0
1.33966,0.0476466,0
1.34123,0.0473682,0
1.3428,0.04709,0
1.34438,0.0468141,0
1.34595,0.0465375,0
1.34752,0.0462614,0
1.34909,0.045986,0
1.35066,0.0457114,0
1.35224,0.0454393,0
1.35381,0.0451665,0
1.35538,0.0448947,0
1.35695,0.0446238,0
1.35853,0.0443554,0
1.3601,0.0440862,0
1.36167,0.043818,0
1.36324,0.0435508,0
1.36482,0.0432863,0
1.36639,0.0430212,0
1.36796,0.0427572,0
1.36953,0.0424945,0
1.37111,0.0422345,0
1.37268,0.0419742,0
1.37425,0.0417154,0
1.37582,0.0414577,0
1.37739,0.0412014,0
1.37897,0.0409482,0
1.38054,0.0406948,0
1.38211,0.0404428,0
1.38368,0.0401925,0
1.38526,0.0399458,0
1.38683,0.0396996,0
1.3884,0.0394552,0
1.38997,0.0392123,0
1.39155,0.0389727,0
1.39312,0.0387336,0
1.39469,0.0384967,0
1.39626,0.0382619,0
1.39784,0.0380308,0
1.39941,0.0378007,0
1.40098,0.0375722,0
1.40255,0.0373473,0
1.40413,0.037127,0
1.4057,0.0369072,0
1.40727,0.0366897,0
1.40884,0.0364745,0
1.41041,0.036262,0
1.41199,0.0360535,0
1.41356,0.0358469,0
1.41513,0.0356438,0
1.4167,0.0354441,0
1.41828,0.0352492,0
1.41985,0.0350568,0
1.42142,0.0348677,0
1.42299,0.0346815,0
1.42457,0.0344999,0
1.42614,0.0343216,0
1.42771,0.0341469,0
1.42928,0.0339764,0
1.43086,0.0338109,0
1.43243,0.0336476,0
1.434,0.0334905,0
1.43557,0.0333382,0
1.43714,0.0331888,0
1.43872,0.033044,0
1.44029,0.0329028,0
1.44186,0.0327668,0
1.44343,0.0326364,0
1.44501,0.0325119,0
1.44658,0.0323914,0
1.44815,0.0322753,0
1.44972,0.0321634,0
1.4513,0.0320564,0
1.45287,0.0319552,0
1.45444,0.0318599,0
1.45601,0.0317699,0
1.45759,0.0316861,0
1.45916,0.031607,0
1.46073,0.0315322,0
1.4623,0.0314635,0
1.46388,0.0314008,0
1.46545,0.0313432,0
1.46702,0.0312914,0
1.46859,0.0312451,0
1.47016,0.0312037,0
1.47174,0.0311713,0
1.47331,0.0311436,0
1.47488,0.0311201,0
1.47645,0.0311015,0
1.47803,0.0310888,0
1.4796,0.0310826,0
1.48117,0.031083,0
1.48274,0.0310893,0
1.48432,0.0311013,0
1.48589,0.0311194,0
1.48746,0.0311443,0
1.48903,0.0311751,0
1.49061,0.0312114,0
1.49218,0.0312549,0
1.49375,0.0313044,0
1.49532,0.0313613,0
1.49689,0.0314242,0
1.49847,0.0314937,0
1.50004,0.0315721,0
1.50161,0.0316558,0
1.50318,0.0317417,0
1.50476,0.0318389,0
1.50633,0.0319569,0
1.5079,0.0320886,0
1.50947,0.0322232,0
1.51105,0.032348,0
1.51262,0.0324653,0
1.51419,0.0325957,0
1.51576,0.0327669,0
1.51734,0.0329762,0
1.51891,0.0330991,0
1.52048,0.0334154,0
1.52205,0.0336925,0
1.52363,0.0336613,0
1.5252,0.0335432,0
1.52677,0.0334363,0
1.52834,0.0335902,0
1.52991,0.034187,0
1.53149,0.0346838,0
1.53306,0.0348657,0
1.53463,0.0349697,0
1.5362,0.0351703,0
1.53778,0.0355565,0
1.53935,0.036055,0
1.54092,0.0365669,0
1.54249,0.037033,0
1.54407,0.0375409,0
1.54564,0.0381143,0
1.54721,0.0387293,0
1.54878,0.0393896,0
1.55036,0.0401065,0
1.55193,0.0408878,0
1.5535,0.0417383,0
1.55507,0.0426612,0
1.55665,0.043645,0
1.55822,0.0447039,0
1.55979,0.0458651,0
1.56136,0.047112,0
1.56293,0.0484565,0
1.56451,0.0498944,0
1.56608,0.0514552,0
1.56765,0.0531576,0
1.56922,0.0550135,0
1.5708,0.0568123,0
