# 20240822_172603
alpha,Dfield0Re,Dfield0Im
0,0.112438,0
0.00157237,0.112499,-9.55084e-06
0.00314474,0.112563,-1.85852e-05
0.00471711,0.112627,-2.75642e-05
0.00628947,0.112689,-3.69491e-05
0.00786184,0.112746,-4.7201e-05
0.00943421,0.112798,-5.87811e-05
0.0110066,0.112841,-7.22551e-05
0.0125789,0.112881,-8.80854e-05
0.0141513,0.112916,-0.000105956
0.0157237,0.11295,-0.000125501
0.0172961,0.112982,-0.000146352
0.0188684,0.113015,-0.000168144
0.0204408,0.113047,-0.000190577
0.0220132,0.113079,-0.000214534
0.0235855,0.11311,-0.000240239
0.0251579,0.11314,-0.00026748
0.0267303,0.11317,-0.000296048
0.0283026,0.113201,-0.000325733
0.029875,0.113234,-0.000356324
0.0314474,0.113269,-0.000388079
0.0330197,0.113304,-0.000421463
0.0345921,0.11334,-0.000456337
0.0361645,0.113377,-0.00049256
0.0377368,0.113416,-0.000529991
0.0393092,0.113456,-0.00056849
0.0408816,0.113498,-0.000608039
0.042454,0.113542,-0.000649109
0.0440263,0.113588,-0.000691671
0.0455987,0.113636,-0.000735617
0.0471711,0.113686,-0.000780843
0.0487434,0.113737,-0.000827242
0.0503158,0.113789,-0.000874722
0.0518882,0.113844,-0.000923604
0.0534605,0.1139,-0.000974004
0.0550329,0.113959,-0.00102584
0.0566053,0.11402,-0.00107901
0.0581776,0.114082,-0.00113345
0.05975,0.114146,-0.00118906
0.0613224,0.114211,-0.00124595
0.0628947,0.114279,-0.00130439
0.0644671,0.114348,-0.00136431
0.0660395,0.114419,-0.00142565
0.0676119,0.114492,-0.00148832
0.0691842,0.114567,-0.00155225
0.0707566,0.114643,-0.00161743
0.072329,0.11472,-0.00168415
0.0739013,0.1148,-0.00175241
0.0754737,0.114881,-0.00182214
0.0770461,0.114964,-0.00189328
0.0786184,0.115049,-0.00196577
0.0801908,0.115135,-0.00203953
0.0817632,0.115222,-0.00211477
0.0833355,0.115311,-0.00219161
0.0849079,0.115402,-0.00226999
0.0864803,0.115495,-0.00234985
0.0880526,0.115589,-0.00243112
0.089625,0.115684,-0.00251374
0.0911974,0.115781,-0.00259778
0.0927698,0.11588,-0.00268346
0.0943421,0.11598,-0.00277074
0.0959145,0.116082,-0.00285956
0.0974869,0.116185,-0.00294987
0.0990592,0.11629,-0.00304161
0.100632,0.116396,-0.00313476
0.102204,0.116504,-0.00322954
0.103776,0.116613,-0.00332599
0.105349,0.116725,-0.00342404
0.106921,0.116837,-0.00352365
0.108493,0.116951,-0.00362476
0.110066,0.117067,-0.00372734
0.111638,0.117184,-0.00383151
0.113211,0.117303,-0.00393741
0.114783,0.117424,-0.00404498
0.116355,0.117547,-0.00415418
0.117928,0.11767,-0.00426497
0.1195,0.117796,-0.00437729
0.121072,0.117923,-0.00449118
0.122645,0.118052,-0.00460684
0.124217,0.118183,-0.00472425
0.125789,0.118315,-0.00484336
0.127362,0.118449,-0.00496413
0.128934,0.118585,-0.00508653
0.130507,0.118722,-0.00521052
0.132079,0.118861,-0.0053363
0.133651,0.119002,-0.0054639
0.135224,0.119145,-0.00559328
0.136796,0.11929,-0.0057244
0.138368,0.119436,-0.00585724
0.139941,0.119584,-0.00599175
0.141513,0.119734,-0.00612803
0.143086,0.119886,-0.00626621
0.144658,0.12004,-0.00640626
0.14623,0.120196,-0.00654815
0.147803,0.120353,-0.00669184
0.149375,0.120513,-0.0068373
0.150947,0.120674,-0.00698454
0.15252,0.120837,-0.00713376
0.154092,0.121002,-0.00728493
0.155665,0.121169,-0.00743803
0.157237,0.121338,-0.00759304
0.158809,0.121509,-0.00774991
0.160382,0.121682,-0.00790864
0.161954,0.121857,-0.00806937
0.163526,0.122033,-0.00823216
0.165099,0.122212,-0.00839698
0.166671,0.122393,-0.00856381
0.168243,0.122576,-0.00873261
0.169816,0.122761,-0.00890337
0.171388,0.122947,-0.00907616
0.172961,0.123136,-0.00925111
0.174533,0.123327,-0.00942821
0.176105,0.12352,-0.00960742
0.177678,0.123715,-0.00978872
0.17925,0.123911,-0.00997209
0.180822,0.12411,-0.0101575
0.182395,0.124311,-0.0103452
0.183967,0.124514,-0.0105352
0.18554,0.124719,-0.0107274
0.187112,0.124927,-0.0109218
0.188684,0.125136,-0.0111184
0.190257,0.125347,-0.0113171
0.191829,0.12556,-0.0115182
0.193401,0.125775,-0.0117217
0.194974,0.125993,-0.0119275
0.196546,0.126213,-0.0121357
0.198118,0.126434,-0.0123462
0.199691,0.126658,-0.012559
0.201263,0.126883,-0.0127741
0.202836,0.127111,-0.0129917
0.204408,0.127341,-0.0132119
0.20598,0.127573,-0.0134345
0.207553,0.127808,-0.0136596
0.209125,0.128044,-0.0138871
0.210697,0.128282,-0.014117
0.21227,0.128522,-0.0143496
0.213842,0.128765,-0.0145848
0.215415,0.12901,-0.0148226
0.216987,0.129257,-0.015063
0.218559,0.129506,-0.015306
0.220132,0.129757,-0.0155515
0.221704,0.13001,-0.0157998
0.223276,0.130265,-0.0160508
0.224849,0.130523,-0.0163046
0.226421,0.130782,-0.0165611
0.227993,0.131044,-0.0168204
0.229566,0.131308,-0.0170824
0.231138,0.131574,-0.0173471
0.232711,0.131842,-0.0176148
0.234283,0.132113,-0.0178853
0.235855,0.132386,-0.0181588
0.237428,0.132661,-0.0184352
0.239,0.132938,-0.0187145
0.240572,0.133217,-0.0189966
0.242145,0.133498,-0.0192817
0.243717,0.133782,-0.01957
0.24529,0.134068,-0.0198613
0.246862,0.134356,-0.0201557
0.248434,0.134646,-0.0204531
0.250007,0.134939,-0.0207535
0.251579,0.135233,-0.0210571
0.253151,0.13553,-0.0213639
0.254724,0.13583,-0.021674
0.256296,0.136131,-0.0219873
0.257868,0.136435,-0.0223038
0.259441,0.136741,-0.0226235
0.261013,0.13705,-0.0229464
0.262586,0.13736,-0.0232727
0.264158,0.137673,-0.0236025
0.26573,0.137989,-0.0239357
0.267303,0.138306,-0.0242723
0.268875,0.138626,-0.0246122
0.270447,0.138949,-0.0249555
0.27202,0.139273,-0.0253024
0.273592,0.1396,-0.0256529
0.275165,0.13993,-0.026007
0.276737,0.140262,-0.0263646
0.278309,0.140596,-0.0267258
0.279882,0.140932,-0.0270906
0.281454,0.141271,-0.027459
0.283026,0.141612,-0.0278312
0.284599,0.141956,-0.0282072
0.286171,0.142302,-0.028587
0.287743,0.142651,-0.0289706
0.289316,0.143002,-0.0293579
0.290888,0.143355,-0.0297489
0.292461,0.143711,-0.0301439
0.294033,0.144069,-0.030543
0.295605,0.14443,-0.030946
0.297178,0.144793,-0.0313529
0.29875,0.145159,-0.0317638
0.300322,0.145527,-0.0321786
0.301895,0.145897,-0.0325975
0.303467,0.14627,-0.0330207
0.30504,0.146646,-0.033448
0.306612,0.147024,-0.0338794
0.308184,0.147404,-0.034315
0.309757,0.147787,-0.0347548
0.311329,0.148172,-0.0351987
0.312901,0.14856,-0.035647
0.314474,0.148951,-0.0360997
0.316046,0.149343,-0.0365569
0.317618,0.149739,-0.0370183
0.319191,0.150137,-0.037484
0.320763,0.150537,-0.0379541
0.322336,0.15094,-0.0384287
0.323908,0.151345,-0.038908
0.32548,0.151753,-0.0393919
0.327053,0.152163,-0.0398803
0.328625,0.152576,-0.0403731
0.330197,0.152991,-0.0408705
0.33177,0.153409,-0.0413726
0.333342,0.153829,-0.0418795
0.334915,0.154251,-0.0423911
0.336487,0.154677,-0.0429075
0.338059,0.155104,-0.0434287
0.339632,0.155534,-0.0439545
0.341204,0.155966,-0.044485
0.342776,0.156401,-0.0450206
0.344349,0.156838,-0.0455612
0.345921,0.157278,-0.0461067
0.347493,0.15772,-0.0466572
0.349066,0.158165,-0.0472125
0.350638,0.158611,-0.0477726
0.352211,0.15906,-0.0483379
0.353783,0.159512,-0.0489084
0.355355,0.159966,-0.049484
0.356928,0.160422,-0.0500648
0.3585,0.160881,-0.0506505
0.360072,0.161341,-0.0512413
0.361645,0.161804,-0.0518373
0.363217,0.16227,-0.0524387
0.36479,0.162737,-0.0530454
0.366362,0.163207,-0.0536574
0.367934,0.16368,-0.0542746
0.369507,0.164154,-0.054897
0.371079,0.16463,-0.0555246
0.372651,0.165109,-0.0561577
0.374224,0.16559,-0.0567964
0.375796,0.166073,-0.0574405
0.377368,0.166558,-0.05809
0.378941,0.167045,-0.0587449
0.380513,0.167534,-0.059405
0.382086,0.168025,-0.0600707
0.383658,0.168518,-0.0607421
0.38523,0.169014,-0.0614191
0.386803,0.169511,-0.0621016
0.388375,0.17001,-0.0627896
0.389947,0.170511,-0.063483
0.39152,0.171014,-0.064182
0.393092,0.171519,-0.0648868
0.394665,0.172026,-0.0655974
0.396237,0.172534,-0.0663137
0.397809,0.173045,-0.0670356
0.399382,0.173557,-0.0677629
0.400954,0.17407,-0.0684958
0.402526,0.174586,-0.0692346
0.404099,0.175103,-0.0699793
0.405671,0.175622,-0.0707298
0.407243,0.176142,-0.071486
0.408816,0.176664,-0.0722478
0.410388,0.177188,-0.0730151
0.411961,0.177713,-0.0737883
0.413533,0.178239,-0.0745675
0.415105,0.178768,-0.0753527
0.416678,0.179297,-0.0761436
0.41825,0.179828,-0.0769402
0.419822,0.18036,-0.0777424
0.421395,0.180893,-0.0785503
0.422967,0.181428,-0.0793644
0.42454,0.181964,-0.0801844
0.426112,0.182502,-0.0810103
0.427684,0.18304,-0.0818419
0.429257,0.18358,-0.0826792
0.430829,0.18412,-0.0835221
0.432401,0.184662,-0.084371
0.433974,0.185205,-0.085226
0.435546,0.185749,-0.0860869
0.437118,0.186293,-0.0869536
0.438691,0.186839,-0.087826
0.440263,0.187385,-0.0887039
0.441836,0.187932,-0.0895877
0.443408,0.188481,-0.0904777
0.44498,0.18903,-0.0913736
0.446553,0.189579,-0.0922752
0.448125,0.190129,-0.0931826
0.449697,0.19068,-0.0940955
0.45127,0.191231,-0.095014
0.452842,0.191783,-0.0959387
0.454415,0.192336,-0.0968692
0.455987,0.192889,-0.0978056
0.457559,0.193442,-0.0987476
0.459132,0.193995,-0.0996951
0.460704,0.194549,-0.100648
0.462276,0.195103,-0.101607
0.463849,0.195657,-0.102572
0.465421,0.196212,-0.103542
0.466994,0.196767,-0.104518
0.468566,0.197321,-0.1055
0.470138,0.197876,-0.106487
0.471711,0.19843,-0.107479
0.473283,0.198985,-0.108478
0.474855,0.199539,-0.109482
0.476428,0.200094,-0.110491
0.478,0.200648,-0.111506
0.479572,0.201201,-0.112527
0.481145,0.201754,-0.113552
0.482717,0.202307,-0.114583
0.48429,0.20286,-0.11562
0.485862,0.203412,-0.116662
0.487434,0.203964,-0.117709
0.489007,0.204514,-0.118761
0.490579,0.205064,-0.119819
0.492151,0.205613,-0.120882
0.493724,0.206162,-0.12195
0.495296,0.20671,-0.123023
0.496869,0.207257,-0.124102
0.498441,0.207803,-0.125185
0.500013,0.208347,-0.126273
0.501586,0.208891,-0.127366
0.503158,0.209433,-0.128465
0.50473,0.209975,-0.129568
0.506303,0.210515,-0.130676
0.507875,0.211054,-0.131789
0.509447,0.211591,-0.132906
0.51102,0.212126,-0.134028
0.512592,0.21266,-0.135155
0.514165,0.213193,-0.136287
0.515737,0.213725,-0.137423
0.517309,0.214254,-0.138564
0.518882,0.214781,-0.139708
0.520454,0.215307,-0.140857
0.522026,0.21583,-0.142011
0.523599,0.216352,-0.143169
0.525171,0.216872,-0.144331
0.526744,0.217389,-0.145497
0.528316,0.217904,-0.146668
0.529888,0.218417,-0.147841
0.531461,0.218927,-0.149019
0.533033,0.219435,-0.150201
0.534605,0.219941,-0.151387
0.536178,0.220444,-0.152577
0.53775,0.220944,-0.15377
0.539322,0.221441,-0.154967
0.540895,0.221935,-0.156166
0.542467,0.222427,-0.15737
0.54404,0.222916,-0.158577
0.545612,0.223402,-0.159787
0.547184,0.223885,-0.161001
0.548757,0.224364,-0.162217
0.550329,0.224839,-0.163436
0.551901,0.225312,-0.164658
0.553474,0.225781,-0.165883
0.555046,0.226247,-0.167111
0.556619,0.226709,-0.168342
0.558191,0.227167,-0.169575
0.559763,0.227621,-0.17081
0.561336,0.228071,-0.172047
0.562908,0.228518,-0.173287
0.56448,0.228961,-0.17453
0.566053,0.229399,-0.175775
0.567625,0.229834,-0.177021
0.569197,0.230263,-0.178269
0.57077,0.230688,-0.179518
0.572342,0.231108,-0.180769
0.573915,0.231525,-0.182022
0.575487,0.231937,-0.183277
0.577059,0.232345,-0.184533
0.578632,0.232747,-0.18579
0.580204,0.233143,-0.187048
0.581776,0.233535,-0.188306
0.583349,0.233922,-0.189566
0.584921,0.234304,-0.190827
0.586494,0.234681,-0.192089
0.588066,0.235053,-0.19335
0.589638,0.235418,-0.194612
0.591211,0.235777,-0.195874
0.592783,0.236132,-0.197136
0.594355,0.236481,-0.198399
0.595928,0.236825,-0.199661
0.5975,0.237163,-0.200923
0.599072,0.237494,-0.202185
0.600645,0.237817,-0.203445
0.602217,0.238136,-0.204705
0.60379,0.238449,-0.205965
0.605362,0.238757,-0.207224
0.606934,0.239057,-0.208482
0.608507,0.239351,-0.209739
0.610079,0.239636,-0.210993
0.611651,0.239915,-0.212246
0.613224,0.240189,-0.213498
0.614796,0.240457,-0.214749
0.616369,0.240718,-0.215998
0.617941,0.240971,-0.217244
0.619513,0.241215,-0.218488
0.621086,0.241452,-0.219729
0.622658,0.241683,-0.220969
0.62423,0.241908,-0.222206
0.625803,0.242126,-0.22344
0.627375,0.242336,-0.224672
0.628947,0.242537,-0.2259
0.63052,0.242728,-0.227124
0.632092,0.242913,-0.228345
0.633665,0.243092,-0.229563
0.635237,0.243265,-0.230778
0.636809,0.243429,-0.231989
0.638382,0.243583,-0.233196
0.639954,0.243726,-0.234397
0.641526,0.243861,-0.235595
0.643099,0.243993,-0.236789
0.644671,0.244118,-0.237979
0.646244,0.244234,-0.239164
0.647816,0.244339,-0.240344
0.649388,0.244432,-0.241518
0.650961,0.244514,-0.242687
0.652533,0.244596,-0.243851
0.654105,0.244674,-0.24501
0.655678,0.244744,-0.246164
0.65725,0.244801,-0.247312
0.658822,0.244838,-0.248453
0.660395,0.244852,-0.249587
0.661967,0.244858,-0.250716
0.66354,0.244863,-0.251839
0.665112,0.244868,-0.252956
0.666684,0.244871,-0.254066
0.668257,0.244872,-0.255168
0.669829,0.244873,-0.256263
0.671401,0.244862,-0.257351
0.672974,0.244828,-0.258432
0.674546,0.244774,-0.259506
0.676119,0.244707,-0.260573
0.677691,0.244632,-0.261631
0.679263,0.244554,-0.262681
0.680836,0.244476,-0.263722
0.682408,0.244383,-0.264756
0.68398,0.244275,-0.265782
0.685553,0.244156,-0.2668
0.687125,0.244027,-0.267809
0.688697,0.243891,-0.268809
0.69027,0.24375,-0.269798
0.691842,0.243599,-0.270779
0.693415,0.243434,-0.271751
0.694987,0.243257,-0.272715
0.696559,0.24307,-0.273669
0.698132,0.242874,-0.274613
0.699704,0.242671,-0.275546
0.701276,0.24246,-0.276468
0.702849,0.242236,-0.277382
0.704421,0.242,-0.278286
0.705994,0.241753,-0.27918
0.707566,0.241497,-0.280063
0.709138,0.241233,-0.280935
0.710711,0.240961,-0.281794
0.712283,0.240676,-0.282643
0.713855,0.24038,-0.283483
0.715428,0.240073,-0.284311
0.717,0.239756,-0.285128
0.718572,0.23943,-0.285933
0.720145,0.239096,-0.286724
0.721717,0.238751,-0.287504
0.72329,0.238394,-0.288274
0.724862,0.238026,-0.289032
0.726434,0.237647,-0.289779
0.728007,0.23726,-0.290512
0.729579,0.236863,-0.291231
0.731151,0.236457,-0.291936
0.732724,0.23604,-0.292631
0.734296,0.235611,-0.293315
0.735869,0.235171,-0.293986
0.737441,0.234721,-0.294643
0.739013,0.234263,-0.295285
0.740586,0.233796,-0.295912
0.742158,0.233317,-0.296527
0.74373,0.232828,-0.297131
0.745303,0.232327,-0.297722
0.746875,0.231817,-0.298299
0.748447,0.231297,-0.298861
0.75002,0.230769,-0.299405
0.751592,0.23023,-0.299936
0.753165,0.22968,-0.300456
0.754737,0.22912,-0.300963
0.756309,0.228549,-0.301456
0.757882,0.227969,-0.301932
0.759454,0.22738,-0.302392
0.761026,0.226782,-0.302834
0.762599,0.226173,-0.303265
0.764171,0.225553,-0.303685
0.765744,0.224924,-0.30409
0.767316,0.224284,-0.304478
0.768888,0.223636,-0.304849
0.770461,0.22298,-0.305199
0.772033,0.222313,-0.305538
0.773605,0.221635,-0.305866
0.775178,0.220948,-0.30618
0.77675,0.220251,-0.306478
0.778323,0.219545,-0.306756
0.779895,0.218831,-0.307013
0.781467,0.218108,-0.307254
0.78304,0.217375,-0.307487
0.784612,0.216632,-0.307709
0.786184,0.215879,-0.307914
0.787757,0.215118,-0.308099
0.789329,0.214348,-0.30826
0.790901,0.213571,-0.308397
0.792474,0.212784,-0.308536
0.794046,0.211987,-0.308669
0.795619,0.211181,-0.308787
0.797191,0.210367,-0.30888
0.798763,0.209545,-0.308938
0.800336,0.208715,-0.308954
0.801908,0.207876,-0.308952
0.80348,0.207028,-0.308949
0.805053,0.206172,-0.308945
0.806625,0.205307,-0.308938
0.808198,0.204435,-0.308931
0.80977,0.203556,-0.308921
0.811342,0.202669,-0.308893
0.812915,0.201773,-0.308822
0.814487,0.20087,-0.308716
0.816059,0.199958,-0.308585
0.817632,0.199039,-0.308439
0.819204,0.198114,-0.308288
0.820776,0.197182,-0.308137
0.822349,0.196242,-0.307961
0.823921,0.195294,-0.307761
0.825494,0.19434,-0.307541
0.827066,0.193378,-0.307304
0.828638,0.19241,-0.307055
0.830211,0.191437,-0.306797
0.831783,0.190457,-0.306523
0.833355,0.189469,-0.306225
0.834928,0.188475,-0.305909
0.8365,0.187475,-0.305575
0.838073,0.186469,-0.305227
0.839645,0.185458,-0.304868
0.841217,0.184442,-0.304495
0.84279,0.183419,-0.304102
0.844362,0.182391,-0.303689
0.845934,0.181356,-0.30326
0.847507,0.180317,-0.302815
0.849079,0.179274,-0.302358
0.850651,0.178226,-0.301888
0.852224,0.177172,-0.301401
0.853796,0.176114,-0.300895
0.855369,0.175051,-0.300372
0.856941,0.173983,-0.299834
0.858513,0.172912,-0.299283
0.860086,0.171837,-0.29872
0.861658,0.170758,-0.298141
0.86323,0.169675,-0.297545
0.864803,0.168588,-0.296933
0.866375,0.167497,-0.296305
0.867948,0.166404,-0.295665
0.86952,0.165307,-0.295012
0.871092,0.164208,-0.294346
0.872665,0.163106,-0.293664
0.874237,0.162,-0.292967
0.875809,0.160892,-0.292255
0.877382,0.159781,-0.29153
0.878954,0.158669,-0.290793
0.880526,0.157555,-0.290045
0.882099,0.156439,-0.289282
0.883671,0.155321,-0.288505
0.885244,0.1542,-0.287714
0.886816,0.153078,-0.286911
0.888388,0.151955,-0.286096
0.889961,0.150832,-0.28527
0.891533,0.149708,-0.284433
0.893105,0.148582,-0.283582
0.894678,0.147455,-0.282718
0.89625,0.146327,-0.281843
0.897823,0.1452,-0.280956
0.899395,0.144072,-0.28006
0.900967,0.142945,-0.279154
0.90254,0.141817,-0.278236
0.904112,0.140689,-0.277306
0.905684,0.139562,-0.276365
0.907257,0.138435,-0.275414
0.908829,0.137308,-0.274455
0.910401,0.136184,-0.273487
0.911974,0.13506,-0.272509
0.913546,0.133936,-0.27152
0.915119,0.132813,-0.270521
0.916691,0.131692,-0.269513
0.918263,0.130573,-0.268497
0.919836,0.129455,-0.267474
0.921408,0.12834,-0.266443
0.92298,0.127226,-0.265402
0.924553,0.126113,-0.264353
0.926125,0.125003,-0.263295
0.927698,0.123895,-0.262231
0.92927,0.12279,-0.26116
0.930842,0.121687,-0.260083
0.932415,0.120587,-0.258998
0.933987,0.11949,-0.257906
0.935559,0.118395,-0.256806
0.937132,0.117303,-0.255701
0.938704,0.116214,-0.25459
0.940276,0.11513,-0.253474
0.941849,0.114048,-0.252353
0.943421,0.11297,-0.251224
0.944994,0.111894,-0.25009
0.946566,0.110823,-0.248951
0.948138,0.109755,-0.247808
0.949711,0.108691,-0.24666
0.951283,0.107632,-0.245509
0.952855,0.106576,-0.244352
0.954428,0.105525,-0.243191
0.956,0.104477,-0.242025
0.957573,0.103433,-0.240856
0.959145,0.102395,-0.239684
0.960717,0.101361,-0.23851
0.96229,0.100331,-0.237331
0.963862,0.0993061,-0.236149
0.965434,0.0982854,-0.234964
0.967007,0.0972695,-0.233776
0.968579,0.0962587,-0.232586
0.970151,0.0952533,-0.231395
0.971724,0.0942527,-0.230201
0.973296,0.0932568,-0.229005
0.974869,0.0922658,-0.227807
0.976441,0.09128,-0.226606
0.978013,0.0902995,-0.225405
0.979586,0.0893248,-0.224203
0.981158,0.0883556,-0.223
0.98273,0.0873914,-0.221795
0.984303,0.0864324,-0.22059
0.985875,0.0854788,-0.219383
0.987448,0.0845308,-0.218176
0.98902,0.0835888,-0.216969
0.990592,0.0826527,-0.215762
0.992165,0.0817221,-0.214555
0.993737,0.0807969,-0.213347
0.995309,0.0798772,-0.21214
0.996882,0.0789634,-0.210932
0.998454,0.0780556,-0.209726
1.00003,0.0771541,-0.20852
1.0016,0.0762585,-0.207316
1.00317,0.0753684,-0.206111
1.00474,0.0744841,-0.204908
1.00632,0.0736057,-0.203705
1.00789,0.0727335,-0.202504
1.00946,0.0718676,-0.201304
1.01103,0.071008,-0.200107
1.01261,0.0701541,-0.19891
1.01418,0.069306,-0.197715
1.01575,0.068464,-0.196522
1.01732,0.0676282,-0.19533
1.01889,0.0667987,-0.194141
1.02047,0.0659758,-0.192955
1.02204,0.0651588,-0.191771
1.02361,0.0643477,-0.190589
1.02518,0.0635426,-0.189409
1.02676,0.0627438,-0.188232
1.02833,0.0619513,-0.187057
1.0299,0.0611654,-0.185886
1.03147,0.0603857,-0.184718
1.03305,0.0596119,-0.183553
1.03462,0.0588442,-0.18239
1.03619,0.0580826,-0.181231
1.03776,0.0573273,-0.180075
1.03934,0.0565785,-0.178923
1.04091,0.0558363,-0.177775
1.04248,0.0550999,-0.17663
1.04405,0.0543695,-0.175488
1.04563,0.0536452,-0.174351
1.0472,0.0529272,-0.173217
1.04877,0.0522155,-0.172087
1.05034,0.0515104,-0.170962
1.05191,0.0508113,-0.169841
1.05349,0.0501182,-0.168723
1.05506,0.049431,-0.16761
1.05663,0.0487499,-0.166501
1.0582,0.0480752,-0.165397
1.05978,0.0474068,-0.164298
1.06135,0.0467446,-0.163203
1.06292,0.0460883,-0.162113
1.06449,0.0454378,-0.161028
1.06607,0.0447933,-0.159947
1.06764,0.0441549,-0.158871
1.06921,0.0435227,-0.1578
1.07078,0.0428968,-0.156735
1.07236,0.0422766,-0.155675
1.07393,0.0416621,-0.154619
1.0755,0.0410535,-0.153568
1.07707,0.0404507,-0.152523
1.07864,0.039854,-0.151484
1.08022,0.0392635,-0.15045
1.08179,0.0386786,-0.149421
1.08336,0.0380993,-0.148398
1.08493,0.0375256,-0.147379
1.08651,0.0369577,-0.146367
1.08808,0.0363955,-0.14536
1.08965,0.0358392,-0.144359
1.09122,0.0352887,-0.143364
1.0928,0.0347436,-0.142374
1.09437,0.0342038,-0.14139
1.09594,0.0336695,-0.140411
1.09751,0.0331408,-0.139438
1.09909,0.0326177,-0.138471
1.10066,0.0321002,-0.137511
1.10223,0.0315879,-0.136555
1.1038,0.0310809,-0.135606
1.10538,0.030579,-0.134662
1.10695,0.0300824,-0.133724
1.10852,0.0295912,-0.132792
1.11009,0.0291053,-0.131867
1.11166,0.0286246,-0.130947
1.11324,0.0281488,-0.130032
1.11481,0.027678,-0.129124
1.11638,0.0272122,-0.128221
1.11795,0.0267514,-0.127324
1.11953,0.0262957,-0.126433
1.1211,0.025845,-0.125549
1.12267,0.025399,-0.124669
1.12424,0.0249576,-0.123796
1.12582,0.0245211,-0.122928
1.12739,0.0240892,-0.122066
1.12896,0.0236622,-0.121209
1.13053,0.0232399,-0.120359
1.13211,0.0228221,-0.119514
1.13368,0.0224088,-0.118674
1.13525,0.0219999,-0.117841
1.13682,0.0215955,-0.117012
1.13839,0.0211955,-0.11619
1.13997,0.0208001,-0.115373
1.14154,0.020409,-0.114561
1.14311,0.020022,-0.113755
1.14468,0.0196393,-0.112954
1.14626,0.0192607,-0.112158
1.14783,0.0188863,-0.111368
1.1494,0.0185162,-0.110583
1.15097,0.0181502,-0.109803
1.15255,0.0177881,-0.109029
1.15412,0.01743,-0.108259
1.15569,0.0170758,-0.107495
1.15726,0.0167255,-0.106736
1.15884,0.0163791,-0.105982
1.16041,0.0160368,-0.105233
1.16198,0.0156981,-0.104489
1.16355,0.0153632,-0.103749
1.16513,0.0150319,-0.103015
1.1667,0.0147043,-0.102286
1.16827,0.0143804,-0.101561
1.16984,0.0140602,-0.100841
1.17141,0.0137436,-0.100126
1.17299,0.0134305,-0.0994156
1.17456,0.0131208,-0.0987099
1.17613,0.0128146,-0.0980088
1.1777,0.0125119,-0.0973124
1.17928,0.0122126,-0.0966207
1.18085,0.0119168,-0.0959336
1.18242,0.0116243,-0.0952511
1.18399,0.011335,-0.0945729
1.18557,0.011049,-0.0938994
1.18714,0.0107662,-0.0932303
1.18871,0.0104867,-0.0925659
1.19028,0.0102106,-0.0919061
1.19186,0.00993751,-0.0912507
1.19343,0.00966749,-0.0905997
1.195,0.00940052,-0.089953
1.19657,0.00913663,-0.0893109
1.19814,0.00887583,-0.0886733
1.19972,0.00861814,-0.0880403
1.20129,0.00836348,-0.0874119
1.20286,0.00811167,-0.0867877
1.20443,0.00786274,-0.0861679
1.20601,0.00761668,-0.0855525
1.20758,0.00737353,-0.0849416
1.20915,0.0071333,-0.0843355
1.21072,0.00689597,-0.0837341
1.2123,0.00666137,-0.083137
1.21387,0.00642945,-0.0825441
1.21544,0.00620024,-0.0819558
1.21701,0.00597374,-0.081372
1.21859,0.00574996,-0.0807929
1.22016,0.00552892,-0.0802187
1.22173,0.00531049,-0.079649
1.2233,0.00509457,-0.0790836
1.22488,0.00488118,-0.0785226
1.22645,0.00467032,-0.0779663
1.22802,0.00446198,-0.0774147
1.22959,0.00425618,-0.0768679
1.23116,0.00405286,-0.076326
1.23274,0.0038519,-0.0757884
1.23431,0.00365329,-0.0752553
1.23588,0.00345701,-0.0747267
1.23745,0.00326307,-0.0742028
1.23903,0.00307146,-0.0736838
1.2406,0.00288216,-0.0731696
1.24217,0.00269507,-0.0726599
1.24374,0.00251014,-0.0721547
1.24532,0.00232738,-0.0716539
1.24689,0.00214676,-0.0711578
1.24846,0.00196826,-0.0706663
1.25003,0.00179188,-0.0701795
1.25161,0.00161755,-0.0696973
1.25318,0.00144522,-0.0692194
1.25475,0.00127486,-0.068746
1.25632,0.00110647,-0.0682769
1.25789,0.000940012,-0.0678122
1.25947,0.000775471,-0.067352
1.26104,0.000612817,-0.0668961
1.26261,0.000451992,-0.0664444
1.26418,0.000292975,-0.065997
1.26576,0.000135743,-0.0655537
1.26733,-1.97224e-05,-0.0651144
1.2689,-0.000173442,-0.0646791
1.27047,-0.00032544,-0.0642477
1.27205,-0.000475765,-0.0638203
1.27362,-0.000624444,-0.0633969
1.27519,-0.000771492,-0.0629772
1.27676,-0.000916924,-0.0625611
1.27834,-0.00106075,-0.0621485
1.27991,-0.00120299,-0.0617393
1.28148,-0.00134369,-0.0613335
1.28305,-0.00148289,-0.0609313
1.28463,-0.00162059,-0.0605325
1.2862,-0.0017568,-0.0601368
1.28777,-0.00189152,-0.0597441
1.28934,-0.00202476,-0.0593542
1.29091,-0.00215654,-0.0589671
1.29249,-0.00228694,-0.0585831
1.29406,-0.00241596,-0.0582019
1.29563,-0.00254358,-0.0578235
1.2972,-0.00266981,-0.0574475
1.29878,-0.00279464,-0.057074
1.30035,-0.00291805,-0.0567025
1.30192,-0.00304015,-0.0563335
1.30349,-0.00316095,-0.055967
1.30507,-0.00328044,-0.0556027
1.30664,-0.00339861,-0.0552405
1.30821,-0.00351543,-0.0548804
1.30978,-0.00363089,-0.054522
1.31136,-0.00374503,-0.0541655
1.31293,-0.00385795,-0.0538109
1.3145,-0.00396962,-0.0534583
1.31607,-0.00408002,-0.0531076
1.31764,-0.00418913,-0.0527586
1.31922,-0.00429694,-0.0524112
1.32079,-0.00440343,-0.0520655
1.32236,-0.00450872,-0.0517214
1.32393,-0.00461282,-0.0513789
1.32551,-0.00471571,-0.0510382
1.32708,-0.00481738,-0.0506991
1.32865,-0.00491781,-0.0503618
1.33022,-0.00501699,-0.0500262
1.3318,-0.00511498,-0.0496922
1.33337,-0.00521182,-0.0493598
1.33494,-0.00530752,-0.049029
1.33651,-0.00540209,-0.0487
1.33809,-0.00549551,-0.048373
1.33966,-0.0055878,-0.0480481
1.34123,-0.00567897,-0.0477252
1.3428,-0.00576904,-0.0474038
1.34438,-0.00585805,-0.0470843
1.34595,-0.00594602,-0.0467669
1.34752,-0.006033,-0.0464517
1.34909,-0.006119,-0.0461391
1.35066,-0.00620404,-0.0458291
1.35224,-0.00628808,-0.0455211
1.35381,-0.00637117,-0.0452152
1.35538,-0.00645335,-0.0449117
1.35695,-0.00653468,-0.0446108
1.35853,-0.00661522,-0.0443129
1.3601,-0.00669504,-0.0440183
1.36167,-0.00677405,-0.0437263
1.36324,-0.00685223,-0.0434369
1.36482,-0.00692965,-0.0431501
1.36639,-0.0070064,-0.0428663
1.36796,-0.00708255,-0.0425858
1.36953,-0.00715818,-0.0423089
1.37111,-0.0072333,-0.0420355
1.37268,-0.00730775,-0.0417649
1.37425,-0.00738161,-0.0414973
1.37582,-0.00745497,-0.0412329
1.37739,-0.00752789,-0.040972
1.37897,-0.00760047,-0.0407146
1.38054,-0.00767277,-0.0404611
1.38211,-0.00774464,-0.0402108
1.38368,-0.00781609,-0.0399637
1.38526,-0.00788719,-0.0397199
1.38683,-0.00795799,-0.0394793
1.3884,-0.00802857,-0.0392423
1.38997,-0.00809899,-0.0390087
1.39155,-0.00816921,-0.0387786
1.39312,-0.00823916,-0.0385516
1.39469,-0.00830888,-0.0383277
1.39626,-0.0083784,-0.038107
1.39784,-0.00844776,-0.0378893
1.39941,-0.00851701,-0.0376746
1.40098,-0.00858615,-0.0374629
1.40255,-0.00865513,-0.0372542
1.40413,-0.00872396,-0.0370483
1.4057,-0.00879265,-0.0368451
1.40727,-0.00886122,-0.0366446
1.40884,-0.00892969,-0.0364466
1.41041,-0.00899807,-0.036251
1.41199,-0.00906632,-0.0360579
1.41356,-0.00913443,-0.0358671
1.41513,-0.00920244,-0.0356788
1.4167,-0.00927038,-0.0354927
1.41828,-0.00933827,-0.035309
1.41985,-0.00940614,-0.0351275
1.42142,-0.00947393,-0.0349481
1.42299,-0.00954155,-0.0347705
1.42457,-0.00960911,-0.0345951
1.42614,-0.00967669,-0.0344219
1.42771,-0.0097444,-0.0342512
1.42928,-0.00981231,-0.0340831
1.43086,-0.00988044,-0.0339177
1.43243,-0.00994845,-0.0337539
1.434,-0.0100165,-0.0335921
1.43557,-0.0100848,-0.0334328
1.43714,-0.0101535,-0.0332767
1.43872,-0.0102229,-0.0331244
1.44029,-0.0102932,-0.0329764
1.44186,-0.0103638,-0.0328307
1.44343,-0.0104347,-0.0326871
1.44501,-0.0105063,-0.0325466
1.44658,-0.0105789,-0.0324104
1.44815,-0.0106527,-0.0322798
1.44972,-0.0107282,-0.0321557
1.4513,-0.0108051,-0.0320368
1.45287,-0.0108832,-0.0319198
1.45444,-0.0109625,-0.0318065
1.45601,-0.0110437,-0.0316988
1.45759,-0.0111268,-0.0315986
1.45916,-0.0112124,-0.0315079
1.46073,-0.0113007,-0.0314268
1.4623,-0.0113913,-0.0313468
1.46388,-0.0114844,-0.0312693
1.46545,-0.0115803,-0.031198
1.46702,-0.011679,-0.0311368
1.46859,-0.0117809,-0.0310893
1.47016,-0.0118861,-0.0310593
1.47174,-0.011995,-0.0310381
1.47331,-0.0121078,-0.0310189
1.47488,-0.0122244,-0.0310025
1.47645,-0.0123446,-0.0309894
1.47803,-0.0124685,-0.0309806
1.4796,-0.0125959,-0.0309765
1.48117,-0.0127273,-0.0309812
1.48274,-0.0128635,-0.0310013
1.48432,-0.0130043,-0.0310339
1.48589,-0.0131493,-0.0310754
1.48746,-0.013298,-0.0311226
1.48903,-0.0134501,-0.0311718
1.49061,-0.0136054,-0.031221
1.49218,-0.0137652,-0.0312792
1.49375,-0.0139296,-0.0313469
1.49532,-0.0140981,-0.0314221
1.49689,-0.0142701,-0.0315024
1.49847,-0.0144452,-0.0315854
1.50004,-0.0146229,-0.031669
1.50161,-0.0148036,-0.0317547
1.50318,-0.0149878,-0.031845
1.50476,-0.0151756,-0.0319394
1.50633,-0.0153669,-0.0320376
1.5079,-0.0155617,-0.0321389
1.50947,-0.0157601,-0.0322431
1.51105,-0.0159614,-0.0323493
1.51262,-0.0161651,-0.032457
1.51419,-0.0163721,-0.0325678
1.51576,-0.0165837,-0.0326834
1.51734,-0.0168013,-0.0328055
1.51891,-0.0170261,-0.0329357
1.52048,-0.0172591,-0.0330754
1.52205,-0.0174972,-0.0332231
1.52363,-0.0177412,-0.0333799
1.5252,-0.0179939,-0.0335483
1.52677,-0.0182578,-0.0337307
1.52834,-0.0185356,-0.0339294
1.52991,-0.0188299,-0.0341469
1.53149,-0.0191411,-0.034389
1.53306,-0.0194689,-0.0346608
1.53463,-0.0198154,-0.0349622
1.5362,-0.0201831,-0.035293
1.53778,-0.0205741,-0.035653
1.53935,-0.0209907,-0.0360423
1.54092,-0.0214365,-0.0364661
1.54249,-0.0219183,-0.0369464
1.54407,-0.0224368,-0.0374818
1.54564,-0.0229919,-0.0380683
1.54721,-0.0235838,-0.0387017
1.54878,-0.0242124,-0.0393779
1.55036,-0.024878,-0.0400936
1.55193,-0.0255906,-0.0408702
1.5535,-0.0263568,-0.0417184
1.55507,-0.0271793,-0.0426389
1.55665,-0.0280611,-0.0436323
1.55822,-0.0290048,-0.044699
1.55979,-0.0300134,-0.0458399
1.56136,-0.0310803,-0.0470475
1.56293,-0.0322089,-0.0483306
1.56451,-0.0334292,-0.0497256
1.56608,-0.0347714,-0.0512688
1.56765,-0.0362659,-0.0529969
1.56922,-0.0379428,-0.0549464
1.5708,-0.0398923,-0.0572322
