# 20240822_171309
alpha,f0Re,f0Im
0,0.0638984,0
0.00157237,0.0639011,-5.42066e-06
0.00314474,0.0639037,-1.05499e-05
0.00471711,0.0639063,-1.5648e-05
0.00628947,0.0639089,-2.0975e-05
0.00786184,0.0639118,-2.67912e-05
0.00943421,0.0639151,-3.33568e-05
0.0110066,0.0639189,-4.09894e-05
0.0125789,0.0639234,-4.99456e-05
0.0141513,0.0639285,-6.00482e-05
0.0157237,0.063934,-7.10918e-05
0.0172961,0.0639399,-8.28707e-05
0.0188684,0.063946,-9.51797e-05
0.0204408,0.0639523,-0.000107851
0.0220132,0.0639591,-0.000121382
0.0235855,0.0639663,-0.000135896
0.0251579,0.063974,-0.000151275
0.0267303,0.0639821,-0.000167399
0.0283026,0.0639904,-0.000184149
0.029875,0.0639991,-0.000201406
0.0314474,0.064008,-0.000219315
0.0330197,0.0640174,-0.000238139
0.0345921,0.0640272,-0.000257798
0.0361645,0.0640374,-0.000278211
0.0377368,0.0640479,-0.000299297
0.0393092,0.0640587,-0.000320974
0.0408816,0.0640698,-0.000343232
0.042454,0.0640813,-0.000366338
0.0440263,0.0640933,-0.000390272
0.0455987,0.0641056,-0.000414973
0.0471711,0.0641182,-0.00044038
0.0487434,0.0641312,-0.000466432
0.0503158,0.0641445,-0.000493074
0.0518882,0.0641582,-0.000520487
0.0534605,0.0641722,-0.000548734
0.0550329,0.0641867,-0.000577765
0.0566053,0.0642015,-0.000607532
0.0581776,0.0642166,-0.000637983
0.05975,0.0642321,-0.00066907
0.0613224,0.0642479,-0.000700851
0.0628947,0.0642641,-0.000733476
0.0644671,0.0642807,-0.000766905
0.0660395,0.0642977,-0.000801096
0.0676119,0.0643151,-0.000836006
0.0691842,0.0643327,-0.000871592
0.0707566,0.0643507,-0.000907844
0.072329,0.0643691,-0.000944923
0.0739013,0.064388,-0.000982827
0.0754737,0.0644072,-0.00102152
0.0770461,0.0644267,-0.00106096
0.0786184,0.0644466,-0.00110111
0.0801908,0.0644668,-0.00114193
0.0817632,0.0644875,-0.00118355
0.0833355,0.0645085,-0.001226
0.0849079,0.0645299,-0.00126927
0.0864803,0.0645517,-0.00131331
0.0880526,0.0645739,-0.0013581
0.089625,0.0645964,-0.00140359
0.0911974,0.0646192,-0.00144981
0.0927698,0.0646425,-0.0014969
0.0943421,0.0646662,-0.00154482
0.0959145,0.0646902,-0.00159353
0.0974869,0.0647147,-0.00164302
0.0990592,0.0647394,-0.00169324
0.100632,0.0647646,-0.00174418
0.102204,0.0647901,-0.00179596
0.103776,0.064816,-0.0018486
0.105349,0.0648424,-0.00190206
0.106921,0.0648691,-0.00195631
0.108493,0.0648962,-0.00201133
0.110066,0.0649236,-0.00206707
0.111638,0.0649514,-0.00212363
0.113211,0.0649797,-0.00218106
0.114783,0.0650083,-0.00223933
0.116355,0.0650373,-0.00229842
0.117928,0.0650667,-0.00235829
0.1195,0.0650964,-0.00241893
0.121072,0.0651266,-0.00248034
0.122645,0.0651571,-0.00254264
0.124217,0.065188,-0.0026058
0.125789,0.0652194,-0.00266979
0.127362,0.0652511,-0.0027346
0.128934,0.0652832,-0.0028002
0.130507,0.0653156,-0.00286657
0.132079,0.0653485,-0.00293381
0.133651,0.0653817,-0.00300192
0.135224,0.0654154,-0.0030709
0.136796,0.0654495,-0.00314072
0.138368,0.0654839,-0.00321135
0.139941,0.0655187,-0.00328278
0.141513,0.0655539,-0.00335504
0.143086,0.0655895,-0.00342821
0.144658,0.0656255,-0.00350226
0.14623,0.065662,-0.00357718
0.147803,0.0656988,-0.00365294
0.149375,0.065736,-0.00372952
0.150947,0.0657735,-0.00380692
0.15252,0.0658115,-0.00388525
0.154092,0.0658499,-0.00396448
0.155665,0.0658887,-0.0040446
0.157237,0.0659279,-0.00412559
0.158809,0.0659675,-0.00420743
0.160382,0.0660075,-0.0042901
0.161954,0.0660478,-0.00437369
0.163526,0.0660886,-0.00445821
0.165099,0.0661298,-0.00454365
0.166671,0.0661715,-0.00462999
0.168243,0.0662135,-0.00471721
0.169816,0.0662559,-0.00480529
0.171388,0.0662987,-0.00489427
0.172961,0.0663419,-0.00498421
0.174533,0.0663856,-0.0050751
0.176105,0.0664296,-0.00516692
0.177678,0.0664741,-0.00525965
0.17925,0.066519,-0.00535328
0.180822,0.0665642,-0.00544781
0.182395,0.0666099,-0.00554332
0.183967,0.0666561,-0.0056398
0.18554,0.0667026,-0.00573724
0.187112,0.0667496,-0.00583564
0.188684,0.066797,-0.00593496
0.190257,0.0668447,-0.00603521
0.191829,0.0668929,-0.00613643
0.193401,0.0669416,-0.00623866
0.194974,0.0669906,-0.00634189
0.196546,0.0670401,-0.0064461
0.198118,0.06709,-0.00655128
0.199691,0.0671404,-0.00665741
0.201263,0.0671911,-0.00676453
0.202836,0.0672423,-0.00687269
0.204408,0.0672939,-0.00698187
0.20598,0.067346,-0.00709208
0.207553,0.0673985,-0.00720329
0.209125,0.0674514,-0.0073155
0.210697,0.0675047,-0.00742869
0.21227,0.0675585,-0.00754295
0.213842,0.0676127,-0.00765828
0.215415,0.0676674,-0.00777466
0.216987,0.0677225,-0.00789209
0.218559,0.067778,-0.00801055
0.220132,0.067834,-0.00813003
0.221704,0.0678904,-0.00825058
0.223276,0.0679473,-0.00837224
0.224849,0.0680046,-0.00849499
0.226421,0.0680623,-0.00861882
0.227993,0.0681205,-0.00874373
0.229566,0.0681792,-0.0088697
0.231138,0.0682382,-0.00899674
0.232711,0.0682978,-0.00912492
0.234283,0.0683578,-0.00925424
0.235855,0.0684182,-0.00938469
0.237428,0.0684791,-0.00951624
0.239,0.0685405,-0.0096489
0.240572,0.0686022,-0.00978265
0.242145,0.0686645,-0.00991756
0.243717,0.0687272,-0.0100537
0.24529,0.0687904,-0.0101909
0.246862,0.068854,-0.0103293
0.248434,0.0689181,-0.0104689
0.250007,0.0689826,-0.0106095
0.251579,0.0690476,-0.0107514
0.253151,0.069113,-0.0108945
0.254724,0.0691789,-0.0110387
0.256296,0.0692453,-0.0111842
0.257868,0.0693122,-0.0113309
0.259441,0.0693795,-0.0114787
0.261013,0.0694472,-0.0116277
0.262586,0.0695154,-0.0117779
0.264158,0.0695841,-0.0119294
0.26573,0.0696533,-0.0120822
0.267303,0.0697229,-0.0122361
0.268875,0.069793,-0.0123913
0.270447,0.0698635,-0.0125477
0.27202,0.0699345,-0.0127054
0.273592,0.070006,-0.0128643
0.275165,0.0700779,-0.0130245
0.276737,0.0701504,-0.013186
0.278309,0.0702232,-0.0133488
0.279882,0.0702966,-0.0135128
0.281454,0.0703704,-0.013678
0.283026,0.0704446,-0.0138446
0.284599,0.0705194,-0.0140125
0.286171,0.0705946,-0.0141818
0.287743,0.0706703,-0.0143523
0.289316,0.0707464,-0.0145241
0.290888,0.070823,-0.0146972
0.292461,0.0709001,-0.0148716
0.294033,0.0709776,-0.0150475
0.295605,0.0710557,-0.0152246
0.297178,0.0711341,-0.0154031
0.29875,0.0712131,-0.015583
0.300322,0.0712924,-0.0157641
0.301895,0.0713723,-0.0159466
0.303467,0.0714526,-0.0161306
0.30504,0.0715334,-0.0163159
0.306612,0.0716147,-0.0165026
0.308184,0.0716964,-0.0166906
0.309757,0.0717786,-0.01688
0.311329,0.0718612,-0.0170708
0.312901,0.0719443,-0.0172631
0.314474,0.0720278,-0.0174567
0.316046,0.0721118,-0.0176518
0.317618,0.0721963,-0.0178483
0.319191,0.0722812,-0.0180462
0.320763,0.0723665,-0.0182454
0.322336,0.0724523,-0.0184462
0.323908,0.0725386,-0.0186484
0.32548,0.0726253,-0.018852
0.327053,0.0727125,-0.0190571
0.328625,0.0728001,-0.0192637
0.330197,0.0728881,-0.0194716
0.33177,0.0729766,-0.019681
0.333342,0.0730655,-0.0198919
0.334915,0.0731549,-0.0201043
0.336487,0.0732448,-0.0203182
0.338059,0.073335,-0.0205336
0.339632,0.0734257,-0.0207504
0.341204,0.0735167,-0.0209686
0.342776,0.0736082,-0.0211884
0.344349,0.0737002,-0.0214098
0.345921,0.0737926,-0.0216326
0.347493,0.0738854,-0.021857
0.349066,0.0739786,-0.0220828
0.350638,0.0740722,-0.0223101
0.352211,0.0741662,-0.0225389
0.353783,0.0742607,-0.0227693
0.355355,0.0743555,-0.0230012
0.356928,0.0744508,-0.0232347
0.3585,0.0745465,-0.0234697
0.360072,0.0746425,-0.0237061
0.361645,0.0747389,-0.0239441
0.363217,0.0748357,-0.0241837
0.36479,0.074933,-0.0244249
0.366362,0.0750306,-0.0246677
0.367934,0.0751286,-0.0249119
0.369507,0.0752269,-0.0251577
0.371079,0.0753256,-0.025405
0.372651,0.0754247,-0.0256539
0.374224,0.0755241,-0.0259044
0.375796,0.075624,-0.0261565
0.377368,0.0757241,-0.0264101
0.378941,0.0758246,-0.0266653
0.380513,0.0759255,-0.026922
0.382086,0.0760266,-0.0271803
0.383658,0.0761282,-0.0274403
0.38523,0.0762301,-0.0277018
0.386803,0.0763323,-0.0279649
0.388375,0.0764348,-0.0282295
0.389947,0.0765376,-0.0284957
0.39152,0.0766406,-0.0287635
0.393092,0.0767441,-0.0290329
0.394665,0.0768478,-0.0293039
0.396237,0.0769519,-0.0295765
0.397809,0.0770562,-0.0298507
0.399382,0.0771607,-0.0301264
0.400954,0.0772656,-0.0304037
0.402526,0.0773707,-0.0306826
0.404099,0.0774761,-0.0309631
0.405671,0.0775818,-0.0312452
0.407243,0.0776877,-0.0315289
0.408816,0.0777939,-0.0318141
0.410388,0.0779002,-0.0321009
0.411961,0.0780068,-0.0323893
0.413533,0.0781136,-0.0326793
0.415105,0.0782207,-0.0329709
0.416678,0.078328,-0.0332641
0.41825,0.0784354,-0.0335589
0.419822,0.078543,-0.0338552
0.421395,0.0786508,-0.034153
0.422967,0.0787588,-0.0344525
0.42454,0.078867,-0.0347535
0.426112,0.0789754,-0.0350562
0.427684,0.0790839,-0.0353604
0.429257,0.0791925,-0.0356661
0.430829,0.0793013,-0.0359733
0.432401,0.0794102,-0.0362821
0.433974,0.0795192,-0.0365925
0.435546,0.0796284,-0.0369045
0.437118,0.0797377,-0.037218
0.438691,0.079847,-0.037533
0.440263,0.0799564,-0.0378495
0.441836,0.0800659,-0.0381675
0.443408,0.0801754,-0.0384872
0.44498,0.0802851,-0.0388084
0.446553,0.0803948,-0.0391311
0.448125,0.0805045,-0.0394553
0.449697,0.0806142,-0.0397809
0.45127,0.0807239,-0.040108
0.452842,0.0808337,-0.0404367
0.454415,0.0809435,-0.0407669
0.455987,0.0810533,-0.0410986
0.457559,0.0811631,-0.0414318
0.459132,0.0812728,-0.0417664
0.460704,0.0813824,-0.0421024
0.462276,0.081492,-0.0424399
0.463849,0.0816016,-0.0427789
0.465421,0.0817111,-0.0431194
0.466994,0.0818205,-0.0434613
0.468566,0.0819298,-0.0438046
0.470138,0.0820389,-0.0441492
0.471711,0.0821479,-0.0444953
0.473283,0.0822569,-0.0448428
0.474855,0.0823657,-0.0451918
0.476428,0.0824744,-0.0455422
0.478,0.0825829,-0.0458939
0.479572,0.0826912,-0.046247
0.481145,0.0827993,-0.0466013
0.482717,0.0829072,-0.0469571
0.48429,0.0830149,-0.0473142
0.485862,0.0831224,-0.0476727
0.487434,0.0832297,-0.0480325
0.489007,0.0833367,-0.0483936
0.490579,0.0834434,-0.0487559
0.492151,0.0835498,-0.0491195
0.493724,0.083656,-0.0494845
0.495296,0.0837619,-0.0498508
0.496869,0.0838675,-0.0502183
0.498441,0.0839727,-0.0505871
0.500013,0.0840776,-0.050957
0.501586,0.0841821,-0.0513281
0.503158,0.0842863,-0.0517005
0.50473,0.0843901,-0.0520742
0.506303,0.0844936,-0.052449
0.507875,0.0845966,-0.052825
0.509447,0.0846992,-0.053202
0.51102,0.0848013,-0.0535802
0.512592,0.084903,-0.0539596
0.514165,0.0850043,-0.0543401
0.515737,0.0851051,-0.0547218
0.517309,0.0852054,-0.0551045
0.518882,0.0853052,-0.0554883
0.520454,0.0854044,-0.055873
0.522026,0.0855031,-0.0562589
0.523599,0.0856013,-0.0566458
0.525171,0.085699,-0.0570339
0.526744,0.0857962,-0.0574229
0.528316,0.0858927,-0.0578128
0.529888,0.0859885,-0.0582037
0.531461,0.0860837,-0.0585955
0.533033,0.0861783,-0.0589883
0.534605,0.0862724,-0.059382
0.536178,0.0863658,-0.0597767
0.53775,0.0864585,-0.0601723
0.539322,0.0865504,-0.0605687
0.540895,0.0866416,-0.0609658
0.542467,0.0867321,-0.0613639
0.54404,0.086822,-0.0617629
0.545612,0.0869111,-0.0621627
0.547184,0.0869995,-0.0625633
0.548757,0.087087,-0.0629645
0.550329,0.0871736,-0.0633665
0.551901,0.0872594,-0.0637692
0.553474,0.0873446,-0.0641727
0.555046,0.0874289,-0.064577
0.556619,0.0875124,-0.0649819
0.558191,0.0875949,-0.0653875
0.559763,0.0876765,-0.0657936
0.561336,0.0877571,-0.0662003
0.562908,0.0878369,-0.0666077
0.56448,0.0879159,-0.0670157
0.566053,0.0879939,-0.0674243
0.567625,0.0880709,-0.0678334
0.569197,0.0881469,-0.0682429
0.57077,0.0882217,-0.0686529
0.572342,0.0882956,-0.0690634
0.573915,0.0883686,-0.0694745
0.575487,0.0884407,-0.069886
0.577059,0.0885116,-0.0702979
0.578632,0.0885814,-0.0707102
0.580204,0.0886499,-0.0711227
0.581776,0.0887174,-0.0715356
0.583349,0.0887839,-0.0719489
0.584921,0.0888494,-0.0723626
0.586494,0.0889137,-0.0727765
0.588066,0.0889767,-0.0731907
0.589638,0.0890384,-0.073605
0.591211,0.0890988,-0.0740195
0.592783,0.0891582,-0.0744342
0.594355,0.0892166,-0.0748492
0.595928,0.0892737,-0.0752644
0.5975,0.0893295,-0.0756796
0.599072,0.0893838,-0.0760949
0.600645,0.0894366,-0.0765101
0.602217,0.0894883,-0.0769255
0.60379,0.0895389,-0.0773409
0.605362,0.0895883,-0.0777565
0.606934,0.0896362,-0.0781719
0.608507,0.0896826,-0.0785873
0.610079,0.0897273,-0.0790025
0.611651,0.0897707,-0.0794176
0.613224,0.089813,-0.0798326
0.614796,0.0898541,-0.0802476
0.616369,0.0898937,-0.0806624
0.617941,0.0899317,-0.0810769
0.619513,0.0899678,-0.0814911
0.621086,0.0900022,-0.081905
0.622658,0.0900356,-0.0823187
0.62423,0.0900679,-0.0827322
0.625803,0.0900987,-0.0831454
0.627375,0.0901277,-0.0835582
0.628947,0.0901548,-0.0839705
0.63052,0.0901796,-0.0843823
0.632092,0.0902035,-0.0847937
0.633665,0.0902265,-0.0852048
0.635237,0.0902481,-0.0856154
0.636809,0.0902679,-0.0860255
0.638382,0.0902853,-0.086435
0.639954,0.0903,-0.0868437
0.641526,0.0903133,-0.0872519
0.643099,0.0903265,-0.0876596
0.644671,0.0903388,-0.0880666
0.646244,0.0903493,-0.088473
0.647816,0.090357,-0.0888787
0.649388,0.090361,-0.0892834
0.650961,0.0903612,-0.0896874
0.652533,0.0903606,-0.0900906
0.654105,0.0903594,-0.0904931
0.655678,0.0903577,-0.0908948
0.65725,0.0903556,-0.0912956
0.658822,0.0903532,-0.0916954
0.660395,0.0903502,-0.0920941
0.661967,0.0903437,-0.0924919
0.66354,0.0903331,-0.0928889
0.665112,0.0903193,-0.0932849
0.666684,0.0903033,-0.0936798
0.668257,0.090286,-0.0940736
0.669829,0.0902683,-0.0944661
0.671401,0.0902495,-0.0948575
0.672974,0.0902277,-0.0952479
0.674546,0.0902032,-0.0956371
0.676119,0.0901766,-0.0960252
0.677691,0.0901482,-0.0964119
0.679263,0.0901185,-0.0967973
0.680836,0.0900876,-0.0971812
0.682408,0.0900542,-0.097564
0.68398,0.0900181,-0.0979455
0.685553,0.0899799,-0.0983256
0.687125,0.0899397,-0.0987044
0.688697,0.0898978,-0.0990815
0.69027,0.0898545,-0.0994571
0.691842,0.0898091,-0.0998312
0.693415,0.089761,-0.100204
0.694987,0.0897107,-0.100575
0.696559,0.0896583,-0.100945
0.698132,0.089604,-0.101313
0.699704,0.089548,-0.101679
0.701276,0.0894902,-0.102043
0.702849,0.0894298,-0.102406
0.704421,0.0893671,-0.102768
0.705994,0.0893021,-0.103127
0.707566,0.0892352,-0.103485
0.709138,0.0891664,-0.103841
0.710711,0.0890959,-0.104195
0.712283,0.0890229,-0.104547
0.713855,0.0889475,-0.104897
0.715428,0.0888698,-0.105246
0.717,0.08879,-0.105592
0.718572,0.0887083,-0.105937
0.720145,0.0886247,-0.106279
0.721717,0.088539,-0.10662
0.72329,0.0884507,-0.106958
0.724862,0.0883601,-0.107295
0.726434,0.0882673,-0.107629
0.728007,0.0881724,-0.107962
0.729579,0.0880756,-0.108292
0.731151,0.0879769,-0.108619
0.732724,0.0878756,-0.108945
0.734296,0.0877719,-0.109269
0.735869,0.087666,-0.10959
0.737441,0.087558,-0.10991
0.739013,0.087448,-0.110226
0.740586,0.087336,-0.110541
0.742158,0.0872217,-0.110853
0.74373,0.0871049,-0.111163
0.745303,0.0869858,-0.11147
0.746875,0.0868646,-0.111775
0.748447,0.0867413,-0.112078
0.75002,0.086616,-0.112378
0.751592,0.0864886,-0.112676
0.753165,0.0863587,-0.112971
0.754737,0.0862265,-0.113264
0.756309,0.086092,-0.113554
0.757882,0.0859555,-0.113842
0.759454,0.085817,-0.114127
0.761026,0.0856764,-0.114409
0.762599,0.0855334,-0.114689
0.764171,0.0853881,-0.114967
0.765744,0.0852406,-0.115242
0.767316,0.0850909,-0.115514
0.768888,0.0849392,-0.115783
0.770461,0.0847855,-0.11605
0.772033,0.0846296,-0.116313
0.773605,0.0844713,-0.116575
0.775178,0.0843108,-0.116833
0.77675,0.0841481,-0.117089
0.778323,0.0839834,-0.117342
0.779895,0.0838168,-0.117592
0.781467,0.083648,-0.117839
0.78304,0.083477,-0.118084
0.784612,0.0833037,-0.118325
0.786184,0.0831282,-0.118564
0.787757,0.0829508,-0.1188
0.789329,0.0827714,-0.119033
0.790901,0.08259,-0.119263
0.792474,0.0824064,-0.11949
0.794046,0.0822206,-0.119715
0.795619,0.0820326,-0.119936
0.797191,0.0818426,-0.120155
0.798763,0.0816507,-0.12037
0.800336,0.081457,-0.120582
0.801908,0.0812611,-0.120791
0.80348,0.0810631,-0.120998
0.805053,0.080863,-0.121202
0.806625,0.0806609,-0.121402
0.808198,0.0804568,-0.1216
0.80977,0.080251,-0.121794
0.811342,0.0800433,-0.121985
0.812915,0.0798334,-0.122173
0.814487,0.0796215,-0.122358
0.816059,0.0794076,-0.122541
0.817632,0.0791919,-0.12272
0.819204,0.0789743,-0.122896
0.820776,0.0787551,-0.123068
0.822349,0.0785338,-0.123238
0.823921,0.0783105,-0.123405
0.825494,0.0780854,-0.123568
0.827066,0.0778584,-0.123729
0.828638,0.0776297,-0.123886
0.830211,0.0773993,-0.12404
0.831783,0.0771671,-0.124191
0.833355,0.0769329,-0.124339
0.834928,0.076697,-0.124484
0.8365,0.0764592,-0.124626
0.838073,0.0762198,-0.124765
0.839645,0.0759788,-0.1249
0.841217,0.0757362,-0.125031
0.84279,0.0754918,-0.12516
0.844362,0.0752456,-0.125287
0.845934,0.0749977,-0.12541
0.847507,0.0747482,-0.12553
0.849079,0.0744971,-0.125646
0.850651,0.0742446,-0.125759
0.852224,0.0739904,-0.125869
0.853796,0.0737346,-0.125976
0.855369,0.0734771,-0.126081
0.856941,0.0732181,-0.126182
0.858513,0.0729576,-0.12628
0.860086,0.0726958,-0.126374
0.861658,0.0724325,-0.126465
0.86323,0.0721676,-0.126553
0.864803,0.0719012,-0.126639
0.866375,0.0716334,-0.126722
0.867948,0.0713642,-0.126801
0.86952,0.0710937,-0.126877
0.871092,0.0708219,-0.126949
0.872665,0.0705487,-0.127019
0.874237,0.070274,-0.127086
0.875809,0.069998,-0.12715
0.877382,0.0697207,-0.127211
0.878954,0.0694423,-0.127269
0.880526,0.0691627,-0.127322
0.882099,0.0688818,-0.127373
0.883671,0.0685995,-0.127422
0.885244,0.0683161,-0.127469
0.886816,0.0680314,-0.127512
0.888388,0.0677457,-0.127551
0.889961,0.067459,-0.127586
0.891533,0.0671711,-0.127619
0.893105,0.0668821,-0.12765
0.894678,0.0665919,-0.12768
0.89625,0.0663006,-0.127706
0.897823,0.0660084,-0.127728
0.899395,0.0657152,-0.127745
0.900967,0.0654211,-0.127757
0.90254,0.065126,-0.127768
0.904112,0.0648298,-0.127777
0.905684,0.0645327,-0.127786
0.907257,0.0642347,-0.127792
0.908829,0.0639358,-0.127795
0.910401,0.0636362,-0.127796
0.911974,0.0633357,-0.127793
0.913546,0.0630343,-0.127785
0.915119,0.062732,-0.127774
0.916691,0.062429,-0.127761
0.918263,0.0621252,-0.127746
0.919836,0.0618208,-0.127731
0.921408,0.0615157,-0.127714
0.92298,0.0612097,-0.127691
0.924553,0.0609031,-0.127665
0.926125,0.0605957,-0.127635
0.927698,0.0602878,-0.127603
0.92927,0.0599793,-0.127569
0.930842,0.0596703,-0.127535
0.932415,0.0593606,-0.127497
0.933987,0.0590503,-0.127455
0.935559,0.0587394,-0.127411
0.937132,0.0584281,-0.127364
0.938704,0.0581162,-0.127315
0.940276,0.057804,-0.127264
0.941849,0.0574913,-0.127211
0.943421,0.0571781,-0.127155
0.944994,0.0568644,-0.127096
0.946566,0.0565503,-0.127035
0.948138,0.0562359,-0.126971
0.949711,0.0559211,-0.126906
0.951283,0.0556061,-0.126839
0.952855,0.0552907,-0.126768
0.954428,0.0549749,-0.126695
0.956,0.0546587,-0.12662
0.957573,0.0543424,-0.126543
0.959145,0.0540259,-0.126463
0.960717,0.0537092,-0.126382
0.96229,0.0533922,-0.126299
0.963862,0.0530749,-0.126213
0.965434,0.0527575,-0.126124
0.967007,0.0524399,-0.126034
0.968579,0.0521222,-0.125941
0.970151,0.0518045,-0.125847
0.971724,0.0514866,-0.125751
0.973296,0.0511686,-0.125652
0.974869,0.0508504,-0.125552
0.976441,0.0505322,-0.125449
0.978013,0.050214,-0.125344
0.979586,0.0498959,-0.125238
0.981158,0.0495777,-0.12513
0.98273,0.0492595,-0.125019
0.984303,0.0489413,-0.124907
0.985875,0.0486231,-0.124793
0.987448,0.048305,-0.124677
0.98902,0.047987,-0.124559
0.990592,0.0476691,-0.12444
0.992165,0.0473513,-0.124318
0.993737,0.0470336,-0.124195
0.995309,0.046716,-0.12407
0.996882,0.0463985,-0.123943
0.998454,0.0460812,-0.123815
1.00003,0.0457641,-0.123685
1.0016,0.0454473,-0.123554
1.00317,0.0451305,-0.12342
1.00474,0.044814,-0.123285
1.00632,0.0444977,-0.123149
1.00789,0.0441816,-0.12301
1.00946,0.0438659,-0.122871
1.01103,0.0435504,-0.12273
1.01261,0.0432352,-0.122587
1.01418,0.0429203,-0.122443
1.01575,0.0426056,-0.122297
1.01732,0.0422912,-0.12215
1.01889,0.0419772,-0.122002
1.02047,0.0416636,-0.121852
1.02204,0.0413504,-0.121701
1.02361,0.0410374,-0.121548
1.02518,0.0407248,-0.121394
1.02676,0.0404126,-0.121239
1.02833,0.0401008,-0.121082
1.0299,0.0397894,-0.120924
1.03147,0.0394785,-0.120765
1.03305,0.039168,-0.120605
1.03462,0.0388578,-0.120443
1.03619,0.0385481,-0.12028
1.03776,0.0382389,-0.120116
1.03934,0.0379301,-0.11995
1.04091,0.0376219,-0.119784
1.04248,0.0373141,-0.119617
1.04405,0.0370068,-0.119448
1.04563,0.0366999,-0.119278
1.0472,0.0363936,-0.119107
1.04877,0.0360878,-0.118935
1.05034,0.0357825,-0.118762
1.05191,0.0354778,-0.118588
1.05349,0.0351735,-0.118413
1.05506,0.0348698,-0.118237
1.05663,0.0345667,-0.11806
1.0582,0.0342641,-0.117882
1.05978,0.0339621,-0.117703
1.06135,0.0336607,-0.117524
1.06292,0.0333598,-0.117343
1.06449,0.0330595,-0.117161
1.06607,0.0327598,-0.116979
1.06764,0.0324607,-0.116795
1.06921,0.0321622,-0.116611
1.07078,0.0318643,-0.116426
1.07236,0.031567,-0.11624
1.07393,0.0312703,-0.116054
1.0755,0.0309742,-0.115866
1.07707,0.0306788,-0.115678
1.07864,0.0303839,-0.115489
1.08022,0.0300898,-0.115299
1.08179,0.0297963,-0.115109
1.08336,0.0295034,-0.114918
1.08493,0.0292111,-0.114726
1.08651,0.0289195,-0.114533
1.08808,0.0286285,-0.11434
1.08965,0.0283382,-0.114146
1.09122,0.0280486,-0.113952
1.0928,0.0277597,-0.113756
1.09437,0.0274713,-0.113561
1.09594,0.0271837,-0.113364
1.09751,0.0268967,-0.113167
1.09909,0.0266104,-0.11297
1.10066,0.0263248,-0.112772
1.10223,0.0260399,-0.112573
1.1038,0.0257557,-0.112374
1.10538,0.0254721,-0.112174
1.10695,0.0251892,-0.111974
1.10852,0.024907,-0.111773
1.11009,0.0246256,-0.111572
1.11166,0.0243448,-0.11137
1.11324,0.0240647,-0.111168
1.11481,0.0237853,-0.110965
1.11638,0.0235066,-0.110762
1.11795,0.0232285,-0.110558
1.11953,0.0229512,-0.110354
1.1211,0.0226747,-0.11015
1.12267,0.0223988,-0.109945
1.12424,0.0221236,-0.10974
1.12582,0.0218491,-0.109534
1.12739,0.0215753,-0.109328
1.12896,0.0213022,-0.109122
1.13053,0.0210299,-0.108915
1.13211,0.0207583,-0.108708
1.13368,0.0204873,-0.1085
1.13525,0.0202171,-0.108293
1.13682,0.0199476,-0.108085
1.13839,0.0196787,-0.107876
1.13997,0.0194107,-0.107668
1.14154,0.0191433,-0.107459
1.14311,0.0188766,-0.107249
1.14468,0.0186107,-0.10704
1.14626,0.0183454,-0.10683
1.14783,0.0180809,-0.10662
1.1494,0.0178171,-0.106409
1.15097,0.017554,-0.106199
1.15255,0.0172916,-0.105988
1.15412,0.01703,-0.105777
1.15569,0.016769,-0.105566
1.15726,0.0165087,-0.105354
1.15884,0.0162492,-0.105142
1.16041,0.0159904,-0.104931
1.16198,0.0157323,-0.104718
1.16355,0.0154749,-0.104506
1.16513,0.0152182,-0.104294
1.1667,0.0149622,-0.104081
1.16827,0.0147069,-0.103868
1.16984,0.0144523,-0.103655
1.17141,0.0141985,-0.103442
1.17299,0.0139453,-0.103229
1.17456,0.0136928,-0.103016
1.17613,0.0134411,-0.102802
1.1777,0.01319,-0.102588
1.17928,0.0129397,-0.102375
1.18085,0.01269,-0.102161
1.18242,0.0124411,-0.101947
1.18399,0.0121928,-0.101733
1.18557,0.0119452,-0.101518
1.18714,0.0116984,-0.101304
1.18871,0.0114522,-0.10109
1.19028,0.0112067,-0.100875
1.19186,0.0109619,-0.100661
1.19343,0.0107178,-0.100446
1.195,0.0104743,-0.100231
1.19657,0.0102316,-0.100017
1.19814,0.00998952,-0.0998018
1.19972,0.00974814,-0.099587
1.20129,0.00950743,-0.0993721
1.20286,0.00926739,-0.0991571
1.20443,0.00902802,-0.0989421
1.20601,0.00878933,-0.098727
1.20758,0.00855129,-0.0985119
1.20915,0.00831393,-0.0982968
1.21072,0.00807723,-0.0980817
1.2123,0.00784119,-0.0978665
1.21387,0.0076058,-0.0976513
1.21544,0.00737107,-0.0974361
1.21701,0.00713699,-0.0972209
1.21859,0.00690356,-0.0970056
1.22016,0.00667078,-0.0967904
1.22173,0.00643864,-0.0965751
1.2233,0.00620714,-0.0963599
1.22488,0.00597628,-0.0961446
1.22645,0.00574605,-0.0959293
1.22802,0.00551646,-0.0957141
1.22959,0.00528749,-0.0954988
1.23116,0.00505914,-0.0952836
1.23274,0.00483142,-0.0950683
1.23431,0.00460433,-0.0948531
1.23588,0.00437784,-0.0946379
1.23745,0.00415197,-0.0944227
1.23903,0.00392671,-0.0942075
1.2406,0.00370204,-0.0939924
1.24217,0.00347799,-0.0937772
1.24374,0.00325453,-0.0935621
1.24532,0.00303168,-0.093347
1.24689,0.00280941,-0.0931319
1.24846,0.00258774,-0.0929168
1.25003,0.00236664,-0.0927018
1.25161,0.00214613,-0.0924868
1.25318,0.0019262,-0.0922718
1.25475,0.00170685,-0.0920569
1.25632,0.00148807,-0.091842
1.25789,0.00126986,-0.0916271
1.25947,0.00105222,-0.0914123
1.26104,0.000835129,-0.0911974
1.26261,0.000618605,-0.0909827
1.26418,0.000402641,-0.0907679
1.26576,0.000187232,-0.0905532
1.26733,-2.76281e-05,-0.0903385
1.2689,-0.000241944,-0.0901239
1.27047,-0.00045572,-0.0899093
1.27205,-0.000668952,-0.0896948
1.27362,-0.000881642,-0.0894802
1.27519,-0.0010938,-0.0892658
1.27676,-0.00130542,-0.0890513
1.27834,-0.00151651,-0.0888369
1.27991,-0.00172708,-0.0886226
1.28148,-0.00193713,-0.0884083
1.28305,-0.00214666,-0.088194
1.28463,-0.00235567,-0.0879798
1.2862,-0.00256416,-0.0877656
1.28777,-0.00277214,-0.0875515
1.28934,-0.00297961,-0.0873374
1.29091,-0.00318658,-0.0871234
1.29249,-0.00339304,-0.0869094
1.29406,-0.00359899,-0.0866955
1.29563,-0.00380444,-0.0864816
1.2972,-0.0040094,-0.0862678
1.29878,-0.00421386,-0.086054
1.30035,-0.00441784,-0.0858403
1.30192,-0.00462132,-0.0856266
1.30349,-0.00482432,-0.085413
1.30507,-0.00502682,-0.0851994
1.30664,-0.00522885,-0.0849859
1.30821,-0.00543039,-0.0847725
1.30978,-0.00563146,-0.0845591
1.31136,-0.00583205,-0.0843457
1.31293,-0.00603216,-0.0841325
1.3145,-0.00623181,-0.0839192
1.31607,-0.00643098,-0.0837061
1.31764,-0.00662968,-0.083493
1.31922,-0.00682792,-0.0832799
1.32079,-0.00702571,-0.0830669
1.32236,-0.00722303,-0.082854
1.32393,-0.00741989,-0.0826411
1.32551,-0.0076163,-0.0824283
1.32708,-0.00781225,-0.0822156
1.32865,-0.00800776,-0.0820029
1.33022,-0.00820283,-0.0817903
1.3318,-0.00839744,-0.0815777
1.33337,-0.00859162,-0.0813652
1.33494,-0.00878535,-0.0811528
1.33651,-0.00897864,-0.0809404
1.33809,-0.0091715,-0.080728
1.33966,-0.00936393,-0.0805158
1.34123,-0.00955594,-0.0803035
1.3428,-0.00974752,-0.0800914
1.34438,-0.00993866,-0.0798793
1.34595,-0.0101294,-0.0796673
1.34752,-0.0103197,-0.0794553
1.34909,-0.0105096,-0.0792433
1.35066,-0.0106991,-0.0790314
1.35224,-0.0108882,-0.0788196
1.35381,-0.0110769,-0.0786078
1.35538,-0.0112651,-0.0783961
1.35695,-0.011453,-0.0781844
1.35853,-0.0116405,-0.0779728
1.3601,-0.0118276,-0.0777612
1.36167,-0.0120143,-0.0775497
1.36324,-0.0122006,-0.0773382
1.36482,-0.0123865,-0.0771267
1.36639,-0.0125721,-0.0769153
1.36796,-0.0127572,-0.0767039
1.36953,-0.012942,-0.0764926
1.37111,-0.0131265,-0.0762813
1.37268,-0.0133105,-0.07607
1.37425,-0.0134942,-0.0758587
1.37582,-0.0136775,-0.0756475
1.37739,-0.0138605,-0.0754363
1.37897,-0.0140431,-0.0752252
1.38054,-0.0142254,-0.075014
1.38211,-0.0144074,-0.0748029
1.38368,-0.0145889,-0.0745918
1.38526,-0.0147701,-0.0743808
1.38683,-0.014951,-0.0741697
1.3884,-0.0151316,-0.0739587
1.38997,-0.0153118,-0.0737477
1.39155,-0.0154917,-0.0735367
1.39312,-0.0156712,-0.0733257
1.39469,-0.0158505,-0.0731148
1.39626,-0.0160293,-0.0729038
1.39784,-0.0162079,-0.0726929
1.39941,-0.0163862,-0.072482
1.40098,-0.0165641,-0.072271
1.40255,-0.0167417,-0.0720601
1.40413,-0.016919,-0.0718492
1.4057,-0.0170959,-0.0716383
1.40727,-0.0172726,-0.0714275
1.40884,-0.017449,-0.0712166
1.41041,-0.017625,-0.0710057
1.41199,-0.0178007,-0.0707949
1.41356,-0.0179762,-0.070584
1.41513,-0.0181513,-0.0703731
1.4167,-0.0183261,-0.0701623
1.41828,-0.0185006,-0.0699515
1.41985,-0.0186748,-0.0697406
1.42142,-0.0188488,-0.0695298
1.42299,-0.0190224,-0.0693189
1.42457,-0.0191957,-0.0691081
1.42614,-0.0193688,-0.0688973
1.42771,-0.0195415,-0.0686864
1.42928,-0.019714,-0.0684756
1.43086,-0.0198862,-0.0682647
1.43243,-0.0200581,-0.0680539
1.434,-0.0202297,-0.067843
1.43557,-0.020401,-0.0676322
1.43714,-0.0205721,-0.0674213
1.43872,-0.0207429,-0.0672104
1.44029,-0.0209134,-0.0669995
1.44186,-0.0210836,-0.0667885
1.44343,-0.0212536,-0.0665776
1.44501,-0.0214233,-0.0663666
1.44658,-0.0215928,-0.0661556
1.44815,-0.021762,-0.0659446
1.44972,-0.021931,-0.0657336
1.4513,-0.0220997,-0.0655225
1.45287,-0.0222682,-0.0653113
1.45444,-0.0224364,-0.0651002
1.45601,-0.0226043,-0.064889
1.45759,-0.0227721,-0.0646778
1.45916,-0.0229396,-0.0644665
1.46073,-0.0231069,-0.0642551
1.4623,-0.0232739,-0.0640437
1.46388,-0.0234407,-0.0638323
1.46545,-0.0236073,-0.0636208
1.46702,-0.0237737,-0.0634092
1.46859,-0.0239398,-0.0631976
1.47016,-0.0241058,-0.0629859
1.47174,-0.0242715,-0.0627741
1.47331,-0.024437,-0.0625622
1.47488,-0.0246023,-0.0623503
1.47645,-0.0247674,-0.0621384
1.47803,-0.0249323,-0.0619263
1.4796,-0.025097,-0.0617142
1.48117,-0.0252615,-0.061502
1.48274,-0.0254258,-0.0612897
1.48432,-0.0255899,-0.0610773
1.48589,-0.0257537,-0.0608649
1.48746,-0.0259174,-0.0606524
1.48903,-0.0260809,-0.0604398
1.49061,-0.0262442,-0.0602271
1.49218,-0.0264073,-0.0600144
1.49375,-0.0265702,-0.0598015
1.49532,-0.0267328,-0.0595886
1.49689,-0.0268953,-0.0593757
1.49847,-0.0270576,-0.0591626
1.50004,-0.0272197,-0.0589494
1.50161,-0.0273817,-0.0587362
1.50318,-0.0275434,-0.0585229
1.50476,-0.0277049,-0.0583095
1.50633,-0.0278662,-0.0580961
1.5079,-0.0280274,-0.0578825
1.50947,-0.0281884,-0.0576688
1.51105,-0.0283491,-0.0574551
1.51262,-0.0285097,-0.0572413
1.51419,-0.0286701,-0.0570273
1.51576,-0.0288304,-0.0568133
1.51734,-0.0289904,-0.0565992
1.51891,-0.0291503,-0.056385
1.52048,-0.0293101,-0.0561706
1.52205,-0.0294696,-0.0559562
1.52363,-0.029629,-0.0557416
1.5252,-0.0297883,-0.055527
1.52677,-0.0299473,-0.0553122
1.52834,-0.0301062,-0.0550973
1.52991,-0.030265,-0.0548823
1.53149,-0.0304236,-0.0546672
1.53306,-0.030582,-0.054452
1.53463,-0.0307403,-0.0542366
1.5362,-0.0308984,-0.0540211
1.53778,-0.0310563,-0.0538056
1.53935,-0.031214,-0.0535899
1.54092,-0.0313716,-0.0533742
1.54249,-0.031529,-0.0531584
1.54407,-0.0316863,-0.0529424
1.54564,-0.0318433,-0.0527264
1.54721,-0.0320002,-0.0525103
1.54878,-0.0321569,-0.0522941
1.55036,-0.0323133,-0.0520779
1.55193,-0.0324696,-0.0518615
1.5535,-0.0326258,-0.0516451
1.55507,-0.0327817,-0.0514286
1.55665,-0.0329374,-0.0512121
1.55822,-0.0330929,-0.0509956
1.55979,-0.0332481,-0.0507792
1.56136,-0.0334032,-0.0505625
1.56293,-0.0335584,-0.0503455
1.56451,-0.0337133,-0.0501283
1.56608,-0.0338679,-0.0499114
1.56765,-0.0340218,-0.0496952
1.56922,-0.0341748,-0.0494798
1.5708,-0.0343268,-0.0492657
