# 20250121_121324
q,primespecRe,primespecIm
0,1073.85,0
0.003003,1070.1,0
0.00600601,1066.49,0
0.00900901,1061.91,0
0.012012,1054.74,0
0.015015,1043.47,0
0.018018,1029.68,0
0.021021,1014.89,0
0.024024,997.758,0
0.027027,978.46,0
0.03003,958,0
0.033033,936.243,0
0.036036,912.823,0
0.039039,888.456,0
0.042042,863.52,0
0.045045,837.573,0
0.048048,811.049,0
0.0510511,784.391,0
0.0540541,757.386,0
0.0570571,730.179,0
0.0600601,703.094,0
0.0630631,676.178,0
0.0660661,649.371,0
0.0690691,622.863,0
0.0720721,596.772,0
0.0750751,571.033,0
0.0780781,545.718,0
0.0810811,520.9,0
0.0840841,496.568,0
0.0870871,472.744,0
0.0900901,449.469,0
0.0930931,426.742,0
0.0960961,404.572,0
0.0990991,383.03,0
0.102102,362.138,0
0.105105,341.842,0
0.108108,322.269,0
0.111111,303.52,0
0.114114,285.457,0
0.117117,268.195,0
0.12012,251.931,0
0.123123,236.579,0
0.126126,222.056,0
0.129129,208.613,0
0.132132,196.327,0
0.135135,184.879,0
0.138138,174.463,0
0.141141,165.262,0
0.144144,156.961,0
0.147147,149.509,0
0.15015,143.043,0
0.153153,137.483,0
0.156156,132.564,0
0.159159,128.264,0
0.162162,124.565,0
0.165165,121.362,0
0.168168,118.479,0
0.171171,115.761,0
0.174174,113.269,0
0.177177,110.927,0
0.18018,108.557,0
0.183183,106.095,0
0.186186,103.615,0
0.189189,101.07,0
0.192192,98.4147,0
0.195195,95.6313,0
0.198198,92.7999,0
0.201201,89.9975,0
0.204204,87.1588,0
0.207207,84.3447,0
0.21021,81.6919,0
0.213213,79.215,0
0.216216,76.8462,0
0.219219,74.705,0
0.222222,72.87,0
0.225225,71.2246,0
0.228228,69.7735,0
0.231231,68.5489,0
0.234234,67.5385,0
0.237237,66.6566,0
0.24024,65.8167,0
0.243243,65.0019,0
0.246246,64.2466,0
0.249249,63.4504,0
0.252252,62.5242,0
0.255255,61.4735,0
0.258258,60.3105,0
0.261261,59.0396,0
0.264264,57.5911,0
0.267267,55.9986,0
0.27027,54.3613,0
0.273273,52.6925,0
0.276276,50.9479,0
0.279279,49.2588,0
0.282282,47.7167,0
0.285285,46.2249,0
0.288288,44.8645,0
0.291291,43.7465,0
0.294294,42.8057,0
0.297297,41.9913,0
0.3003,41.3485,0
0.303303,40.8926,0
0.306306,40.5422,0
0.309309,40.2266,0
0.312312,39.8919,0
0.315315,39.5817,0
0.318318,39.2547,0
0.321321,38.8476,0
0.324324,38.2944,0
0.327327,37.6084,0
0.33033,36.8359,0
0.333333,35.9672,0
0.336336,34.9469,0
0.339339,33.8754,0
0.342342,32.8306,0
0.345345,31.7417,0
0.348348,30.6851,0
0.351351,29.7665,0
0.354354,28.9451,0
0.357357,28.2015,0
0.36036,27.6159,0
0.363363,27.2144,0
0.366366,26.8955,0
0.369369,26.6405,0
0.372372,26.4407,0
0.375375,26.3017,0
0.378378,26.1762,0
0.381381,26.0064,0
0.384384,25.7487,0
0.387387,25.4076,0
0.39039,24.9994,0
0.393393,24.5022,0
0.396396,23.8563,0
0.399399,23.1397,0
0.402402,22.4183,0
0.405405,21.6294,0
0.408408,20.8343,0
0.411411,20.126,0
0.414414,19.4793,0
0.417417,18.8794,0
0.42042,18.4084,0
0.423423,18.0955,0
0.426426,17.8416,0
0.429429,17.6535,0
0.432432,17.5458,0
0.435435,17.4903,0
0.438438,17.4472,0
0.441441,17.3821,0
0.444444,17.2591,0
0.447447,17.0738,0
0.45045,16.8404,0
0.453453,16.5423,0
0.456456,16.1169,0
0.459459,15.6291,0
0.462462,15.1394,0
0.465465,14.5954,0
0.468468,14.0439,0
0.471471,13.5649,0
0.474474,13.1394,0
0.477477,12.7461,0
0.48048,12.4658,0
0.483483,12.3315,0
0.486486,12.2328,0
0.489489,12.1701,0
0.492492,12.1572,0
0.495495,12.1847,0
0.498498,12.2233,0
0.501502,12.2443,0
0.504505,12.2034,0
0.507508,12.0903,0
0.510511,11.937,0
0.513514,11.7445,0
0.516517,11.4408,0
0.51952,11.0865,0
0.522523,10.7446,0
0.525526,10.3726,0
0.528529,10.005,0
0.531532,9.71269,0
0.534535,9.4844,0
0.537538,9.2805,0
0.540541,9.15821,0
0.543544,9.14942,0
0.546547,9.1751,0
0.54955,9.21157,0
0.552553,9.24677,0
0.555556,9.29197,0
0.558559,9.33742,0
0.561562,9.36075,0
0.564565,9.31417,0
0.567568,9.17908,0
0.570571,9.00124,0
0.573574,8.80128,0
0.576577,8.51973,0
0.57958,8.20955,0
0.582583,7.92879,0
0.585586,7.64342,0
0.588589,7.37687,0
0.591592,7.18928,0
0.594595,7.07922,0
0.597598,6.9895,0
0.600601,6.93708,0
0.603604,6.93791,0
0.606607,6.97892,0
0.60961,7.02516,0
0.612613,7.04114,0
0.615616,7.02163,0
0.618619,6.97932,0
0.621622,6.9212,0
0.624625,6.8103,0
0.627628,6.60805,0
0.630631,6.37221,0
0.633634,6.13976,0
0.636637,5.87066,0
0.63964,5.60859,0
0.642643,5.40201,0
0.645646,5.21365,0
0.648649,5.05331,0
0.651652,4.97309,0
0.654655,4.97233,0
0.657658,4.97687,0
0.660661,4.98371,0
0.663664,4.99489,0
0.666667,5.02224,0
0.66967,5.05086,0
0.672673,5.06074,0
0.675676,5.01167,0
0.678679,4.91091,0
0.681682,4.79044,0
0.684685,4.64731,0
0.687688,4.45671,0
0.690691,4.26608,0
0.693694,4.10541,0
0.696697,3.93622,0
0.6997,3.80186,0
0.702703,3.75549,0
0.705706,3.75715,0
0.708709,3.76128,0
0.711712,3.76761,0
0.714715,3.80132,0
0.717718,3.88698,0
0.720721,3.96503,0
0.723724,3.98005,0
0.726727,3.97385,0
0.72973,3.96183,0
0.732733,3.94437,0
0.735736,3.8672,0
0.738739,3.7319,0
0.741742,3.59022,0
0.744745,3.45797,0
0.747748,3.31141,0
0.750751,3.19432,0
0.753754,3.1396,0
0.756757,3.10552,0
0.75976,3.08245,0
0.762763,3.0749,0
0.765766,3.11085,0
0.768769,3.17823,0
0.771772,3.23135,0
0.774775,3.24472,0
0.777778,3.25294,0
0.780781,3.25771,0
0.783784,3.25077,0
0.786787,3.17472,0
0.78979,3.05465,0
0.792793,2.93344,0
0.795796,2.79919,0
0.798799,2.65211,0
0.801802,2.52957,0
0.804805,2.44347,0
0.807808,2.36568,0
0.810811,2.31379,0
0.813814,2.30497,0
0.816817,2.32454,0
0.81982,2.35416,0
0.822823,2.37931,0
0.825826,2.39951,0
0.828829,2.41859,0
0.831832,2.42979,0
0.834835,2.41636,0
0.837838,2.35705,0
0.840841,2.27569,0
0.843844,2.19247,0
0.846847,2.08315,0
0.84985,1.96901,0
0.852853,1.8816,0
0.855856,1.81486,0
0.858859,1.75704,0
0.861862,1.72449,0
0.864865,1.72914,0
0.867868,1.76042,0
0.870871,1.80296,0
0.873874,1.84305,0
0.876877,1.89356,0
0.87988,1.94239,0
0.882883,1.965,0
0.885886,1.9548,0
0.888889,1.92808,0
0.891892,1.89218,0
0.894895,1.84327,0
0.897898,1.76198,0
0.900901,1.67738,0
0.903904,1.61515,0
0.906907,1.55939,0
0.90991,1.5141,0
0.912913,1.49452,0
0.915916,1.50563,0
0.918919,1.534,0
0.921922,1.56824,0
0.924925,1.60301,0
0.927928,1.64906,0
0.930931,1.6881,0
0.933934,1.69817,0
0.936937,1.68325,0
0.93994,1.65454,0
0.942943,1.61861,0
0.945946,1.56035,0
0.948949,1.4744,0
0.951952,1.38955,0
0.954955,1.31918,0
0.957958,1.24562,0
0.960961,1.19089,0
0.963964,1.17615,0
0.966967,1.179,0
0.96997,1.18483,0
0.972973,1.19262,0
0.975976,1.21146,0
0.978979,1.24352,0
0.981982,1.26864,0
0.984985,1.26917,0
0.987988,1.25327,0
0.990991,1.22787,0
0.993994,1.1971,0
0.996997,1.14096,0
1,1.07064,0
1.003,1.00912,0
1.00601,0.957488,0
1.00901,0.907814,0
1.01201,0.876683,0
1.01502,0.875003,0
1.01802,0.888835,0
1.02102,0.910337,0
1.02402,0.934305,0
1.02703,0.974095,0
1.03003,1.02003,0
1.03303,1.04614,0
1.03604,1.04576,0
1.03904,1.04283,0
1.04204,1.03807,0
1.04505,1.02572,0
1.04805,0.983101,0
1.05105,0.930324,0
1.05405,0.889337,0
1.05706,0.852721,0
1.06006,0.820774,0
1.06306,0.80477,0
1.06607,0.810113,0
1.06907,0.828001,0
1.07207,0.851355,0
1.07508,0.87608,0
1.07808,0.911903,0
1.08108,0.945341,0
1.08408,0.95712,0
1.08709,0.95171,0
1.09009,0.939758,0
1.09309,0.923499,0
1.0961,0.893235,0
1.0991,0.839581,0
1.1021,0.783461,0
1.10511,0.737656,0
1.10811,0.689357,0
1.11111,0.651466,0
1.11411,0.638808,0
1.11712,0.641061,0
1.12012,0.646057,0
1.12312,0.652721,0
1.12613,0.665186,0
1.12913,0.687306,0
1.13213,0.706081,0
1.13514,0.708485,0
1.13814,0.698933,0
1.14114,0.682749,0
1.14414,0.663345,0
1.14715,0.628609,0
1.15015,0.583492,0
1.15315,0.544464,0
1.15616,0.515965,0
1.15916,0.489313,0
1.16216,0.471838,0
1.16517,0.470282,0
1.16817,0.483761,0
1.17117,0.505378,0
1.17417,0.527607,0
1.17718,0.555646,0
1.18018,0.587385,0
1.18318,0.60719,0
1.18619,0.607278,0
1.18919,0.603333,0
1.19219,0.597028,0
1.1952,0.586803,0
1.1982,0.558522,0
1.2012,0.524533,0
1.2042,0.500259,0
1.20721,0.483766,0
1.21021,0.469976,0
1.21321,0.462617,0
1.21622,0.466959,0
1.21922,0.485001,0
1.22222,0.508205,0
1.22523,0.527831,0
1.22823,0.549488,0
1.23123,0.568911,0
1.23423,0.57693,0
1.23724,0.570363,0
1.24024,0.554894,0
1.24324,0.535172,0
1.24625,0.509576,0
1.24925,0.471186,0
1.25225,0.433802,0
1.25526,0.407249,0
1.25826,0.383587,0
1.26126,0.365221,0
1.26426,0.358035,0
1.26727,0.363073,0
1.27027,0.374469,0
1.27327,0.387052,0
1.27628,0.397752,0
1.27928,0.409834,0
1.28228,0.419201,0
1.28529,0.420598,0
1.28829,0.410014,0
1.29129,0.392155,0
1.29429,0.372899,0
1.2973,0.347092,0
1.3003,0.316912,0
1.3033,0.295661,0
1.30631,0.288523,0
1.30931,0.283965,0
1.31231,0.281218,0
1.31532,0.281705,0
1.31832,0.296846,0
1.32132,0.321916,0
1.32432,0.34453,0
1.32733,0.361645,0
1.33033,0.37824,0
1.33333,0.388538,0
1.33634,0.38739,0
1.33934,0.377315,0
1.34234,0.363036,0
1.34535,0.347956,0
1.34835,0.32468,0
1.35135,0.30169,0
1.35435,0.290581,0
1.35736,0.290061,0
1.36036,0.289738,0
1.36336,0.289584,0
1.36637,0.293164,0
1.36937,0.310163,0
1.37237,0.330833,0
1.37538,0.341852,0
1.37838,0.347363,0
1.38138,0.351383,0
1.38438,0.353073,0
1.38739,0.344722,0
1.39039,0.32326,0
1.39339,0.298738,0
1.3964,0.275504,0
1.3994,0.247393,0
1.4024,0.224747,0
1.40541,0.215658,0
1.40841,0.212398,0
1.41141,0.210227,0
1.41441,0.209351,0
1.41742,0.215293,0
1.42042,0.230428,0
1.42342,0.244599,0
1.42643,0.248572,0
1.42943,0.250344,0
1.43243,0.251429,0
1.43544,0.25125,0
1.43844,0.240056,0
1.44144,0.221655,0
1.44444,0.205149,0
1.44745,0.191875,0
1.45045,0.178817,0
1.45345,0.170566,0
1.45646,0.170706,0
1.45946,0.178303,0
1.46246,0.190116,0
1.46547,0.202712,0
1.46847,0.220549,0
1.47147,0.24105,0
1.47447,0.25412,0
1.47748,0.256528,0
1.48048,0.258085,0
1.48348,0.258905,0
1.48649,0.256607,0
1.48949,0.24215,0
1.49249,0.223565,0
1.4955,0.209292,0
1.4985,0.196681,0
1.5015,0.185709,0
1.5045,0.180206,0
1.50751,0.182236,0
1.51051,0.189062,0
1.51351,0.197754,0
1.51652,0.206048,0
1.51952,0.216747,0
1.52252,0.226445,0
1.52553,0.229831,0
1.52853,0.225985,0
1.53153,0.217922,0
1.53453,0.207889,0
1.53754,0.193622,0
1.54054,0.172866,0
1.54354,0.153812,0
1.54655,0.14076,0
1.54955,0.129098,0
1.55255,0.120579,0
1.55556,0.117846,0
1.55856,0.121927,0
1.56156,0.130216,0
1.56456,0.139238,0
1.56757,0.147379,0
1.57057,0.156744,0
1.57357,0.163772,0
1.57658,0.164556,0
1.57958,0.160335,0
1.58258,0.153621,0
1.58559,0.146371,0
1.58859,0.134852,0
1.59159,0.122101,0
1.59459,0.114824,0
1.5976,0.114881,0
1.6006,0.11648,0
1.6036,0.119056,0
1.60661,0.123278,0
1.60961,0.13523,0
1.61261,0.151544,0
1.61562,0.164438,0
1.61862,0.173505,0
1.62162,0.181453,0
1.62462,0.185817,0
1.62763,0.183815,0
1.63063,0.175591,0
1.63363,0.16495,0
1.63664,0.154284,0
1.63964,0.139449,0
1.64264,0.126292,0
1.64565,0.120844,0
1.64865,0.120382,0
1.65165,0.120079,0
1.65465,0.119943,0
1.65766,0.122495,0
1.66066,0.131715,0
1.66366,0.141285,0
1.66667,0.14365,0
1.66967,0.143372,0
1.67267,0.142793,0
1.67568,0.141931,0
1.67868,0.134672,0
1.68168,0.120826,0
1.68468,0.107135,0
1.68769,0.095551,0
1.69069,0.0832905,0
1.69369,0.0748738,0
1.6967,0.0732317,0
1.6997,0.0754192,0
1.7027,0.079375,0
1.70571,0.0841116,0
1.70871,0.0919337,0
1.71171,0.102931,0
1.71471,0.111183,0
1.71772,0.112262,0
1.72072,0.112544,0
1.72372,0.112699,0
1.72673,0.112123,0
1.72973,0.104844,0
1.73273,0.095036,0
1.73574,0.0885184,0
1.73874,0.0854312,0
1.74174,0.082981,0
1.74474,0.0816539,0
1.74775,0.083213,0
1.75075,0.0909153,0
1.75375,0.101611,0
1.75676,0.11065,0
1.75976,0.119933,0
1.76276,0.128562,0
1.76577,0.132618,0
1.76877,0.131092,0
1.77177,0.126984,0
1.77477,0.121508,0
1.77778,0.114093,0
1.78078,0.10191,0
1.78378,0.0902016,0
1.78679,0.0826744,0
1.78979,0.0768364,0
1.79279,0.0723773,0
1.7958,0.0704761,0
1.7988,0.0725279,0
1.8018,0.0777117,0
1.8048,0.0832283,0
1.80781,0.0865684,0
1.81081,0.0895109,0
1.81381,0.0916556,0
1.81682,0.0919952,0
1.81982,0.0874549,0
1.82282,0.0797794,0
1.82583,0.0720592,0
1.82883,0.0633263,0
1.83183,0.0538262,0
1.83483,0.0480039,0
1.83784,0.0475373,0
1.84084,0.0487405,0
1.84384,0.050779,0
1.84685,0.0535247,0
1.84985,0.0602228,0
1.85285,0.0700374,0
1.85586,0.0783286,0
1.85886,0.0827131,0
1.86186,0.0864443,0
1.86486,0.0886828,0
1.86787,0.0880724,0
1.87087,0.0832492,0
1.87387,0.0770375,0
1.87688,0.0720236,0
1.87988,0.0670752,0
1.88288,0.0627044,0
1.88589,0.0605712,0
1.88889,0.0619494,0
1.89189,0.0662185,0
1.89489,0.0717805,0
1.8979,0.0774021,0
1.9009,0.0850822,0
1.9039,0.0922438,0
1.90691,0.0946769,0
1.90991,0.0938755,0
1.91291,0.0921164,0
1.91592,0.0896808,0
1.91892,0.0842303,0
1.92192,0.0743402,0
1.92492,0.0646058,0
1.92793,0.0571849,0
1.93093,0.0498095,0
1.93393,0.0444309,0
1.93694,0.0428057,0
1.93994,0.0441291,0
1.94294,0.0467703,0
1.94595,0.0497606,0
1.94895,0.0529654,0
1.95195,0.0570128,0
1.95495,0.0601291,0
1.95796,0.060339,0
1.96096,0.0580235,0
1.96396,0.0544319,0
1.96697,0.0505562,0
1.96997,0.044137,0
1.97297,0.0374421,0
1.97598,0.0339161,0
1.97898,0.0339547,0
1.98198,0.0345674,0
1.98498,0.0355648,0
1.98799,0.037417,0
1.99099,0.0433032,0
1.99399,0.0517996,0
1.997,0.0587369,0
2,0.0638538,0
2.003,0.0684157,0
2.00601,0.0708891,0
2.00901,0.0699929,0
2.01201,0.0665869,0
2.01502,0.0622778,0
2.01802,0.0579534,0
2.02102,0.0519689,0
2.02402,0.0468409,0
2.02703,0.0449638,0
2.03003,0.0455183,0
2.03303,0.0468108,0
2.03604,0.0485628,0
2.03904,0.0516039,0
2.04204,0.0572514,0
2.04505,0.0624688,0
2.04805,0.0635952,0
2.05105,0.0633695,0
2.05405,0.0629165,0
2.05706,0.0622447,0
2.06006,0.0579083,0
2.06306,0.0502975,0
2.06607,0.0430367,0
2.06907,0.0368135,0
2.07207,0.0304205,0
2.07508,0.0262819,0
2.07808,0.0255841,0
2.08108,0.0266801,0
2.08408,0.0286032,0
2.08709,0.0308416,0
2.09009,0.0343513,0
2.09309,0.0390571,0
2.0961,0.0423989,0
2.0991,0.0424924,0
2.1021,0.0418541,0
2.10511,0.0408396,0
2.10811,0.0392403,0
2.11111,0.0346826,0
2.11411,0.03003,0
2.11712,0.0280712,0
2.12012,0.0281525,0
2.12312,0.0283815,0
2.12613,0.0287465,0
2.12913,0.0302917,0
2.13213,0.0354854,0
2.13514,0.0425072,0
2.13814,0.0478591,0
2.14114,0.0526342,0
2.14414,0.0567547,0
2.14715,0.0585321,0
2.15015,0.0573792,0
2.15315,0.054569,0
2.15616,0.0510957,0
2.15916,0.0467922,0
2.16216,0.0405641,0
2.16517,0.0354336,0
2.16817,0.0332206,0
2.17117,0.0321147,0
2.17417,0.0313656,0
2.17718,0.0310801,0
2.18018,0.0327224,0
2.18318,0.0365011,0
2.18619,0.039872,0
2.18919,0.0405626,0
2.19219,0.0408378,0
2.1952,0.0409972,0
2.1982,0.0407941,0
2.2012,0.0372299,0
2.2042,0.0317969,0
2.20721,0.0269355,0
2.21021,0.0221759,0
2.21321,0.0176497,0
2.21622,0.0151364,0
2.21922,0.0151392,0
2.22222,0.0164272,0
2.22523,0.0184683,0
2.22823,0.0208251,0
2.23123,0.0246765,0
2.23423,0.0294307,0
2.23724,0.0324717,0
2.24024,0.033044,0
2.24324,0.0334386,0
2.24625,0.0336393,0
2.24925,0.0328877,0
2.25225,0.0294606,0
2.25526,0.0260363,0
2.25826,0.0246708,0
2.26126,0.0242578,0
2.26426,0.0239821,0
2.26727,0.0238711,0
2.27027,0.0253583,0
2.27327,0.0296111,0
2.27628,0.0348269,0
2.27928,0.0386816,0
2.28228,0.0425764,0
2.28529,0.0457236,0
2.28829,0.0466216,0
2.29129,0.0453296,0
2.29429,0.0428416,0
2.2973,0.0398892,0
2.3003,0.0356281,0
2.3033,0.0299905,0
2.30631,0.025422,0
2.30931,0.022785,0
2.31231,0.0206674,0
2.31532,0.0192388,0
2.31832,0.018881,0
2.32132,0.0202903,0
2.32432,0.0228313,0
2.32733,0.0250089,0
2.33033,0.0259796,0
2.33333,0.0267779,0
2.33634,0.0272572,0
2.33934,0.0268726,0
2.34234,0.0241811,0
2.34535,0.0206812,0
2.34835,0.0177127,0
2.35135,0.0144633,0
2.35435,0.0116934,0
2.35736,0.0103969,0
2.36036,0.0108561,0
2.36336,0.0125107,0
2.36637,0.0149163,0
2.36937,0.0175945,0
2.37237,0.021565,0
2.37538,0.0259549,0
2.37838,0.0284418,0
2.38138,0.0294765,0
2.38438,0.0302239,0
2.38739,0.0305652,0
2.39039,0.0295087,0
2.39339,0.0265029,0
2.3964,0.0235397,0
2.3994,0.0217681,0
2.4024,0.0203015,0
2.40541,0.0192355,0
2.40841,0.0189066,0
2.41141,0.020248,0
2.41441,0.0230425,0
2.41742,0.0261037,0
2.42042,0.0286175,0
2.42342,0.0313759,0
2.42643,0.0334213,0
2.42943,0.0336314,0
2.43243,0.0323004,0
2.43544,0.0301232,0
2.43844,0.0276506,0
2.44144,0.023605,0
2.44444,0.0189641,0
2.44745,0.0154883,0
2.45045,0.0132714,0
2.45345,0.0114108,0
2.45646,0.0102897,0
2.45946,0.0102525,0
2.46246,0.0116408,0
2.46547,0.0138768,0
2.46847,0.0157692,0
2.47147,0.0171347,0
2.47447,0.0183828,0
2.47748,0.0190858,0
2.48048,0.0186096,0
2.48348,0.0168454,0
2.48649,0.0148056,0
2.48949,0.0131021,0
2.49249,0.0111905,0
2.4955,0.00967942,0
2.4985,0.00912694,0
2.5015,0.00994814,0
2.5045,0.0119554,0
2.50751,0.0146018,0
2.51051,0.0174513,0
2.51351,0.0213397,0
2.51652,0.0250993,0
2.51952,0.0268018,0
2.52252,0.0276838,0
2.52553,0.0282818,0
2.52853,0.0284906,0
2.53153,0.0269605,0
2.53453,0.023889,0
2.53754,0.0209409,0
2.54054,0.0186296,0
2.54354,0.0162847,0
2.54655,0.0146975,0
2.54955,0.0144296,0
2.55255,0.0152574,0
2.55556,0.0166713,0
2.55856,0.0181381,0
2.56156,0.0197575,0
2.56456,0.021614,0
2.56757,0.0228539,0
2.57057,0.0226818,0
2.57357,0.021465,0
2.57658,0.0197008,0
2.57958,0.0176466,0
2.58258,0.0141475,0
2.58559,0.0107465,0
2.58859,0.00858216,0
2.59159,0.00723408,0
2.59459,0.00619466,0
2.5976,0.00565583,0
2.6006,0.00594054,0
2.6036,0.00755085,0
2.60661,0.0100222,0
2.60961,0.0119746,0
2.61261,0.0136351,0
2.61562,0.0150992,0
2.61862,0.0157646,0
2.62162,0.0152634,0
2.62462,0.014078,0
2.62763,0.0127872,0
2.63063,0.0115939,0
2.63363,0.0101916,0
2.63664,0.00915865,0
2.63964,0.00894904,0
2.64264,0.00988711,0
2.64565,0.0117108,0
2.64865,0.0138698,0
2.65165,0.0164077,0
2.65465,0.0197181,0
2.65766,0.0224618,0
2.66066,0.0232814,0
2.66366,0.02372,0
2.66667,0.0239853,0
2.66967,0.0239426,0
2.67267,0.0219682,0
2.67568,0.0188665,0
2.67868,0.0160696,0
2.68168,0.0134192,0
2.68468,0.0108533,0
2.68769,0.00938295,0
2.69069,0.00929559,0
2.69369,0.00971285,0
2.6967,0.0103627,0
2.6997,0.0110929,0
2.7027,0.0122905,0
2.70571,0.0137048,0
2.70871,0.0145124,0
2.71171,0.0142117,0
2.71471,0.0133055,0
2.71772,0.0121047,0
2.72072,0.0104584,0
2.72372,0.00771826,0
2.72673,0.00567511,0
2.72973,0.00496602,0
2.73273,0.00477588,0
2.73574,0.00465207,0
2.73874,0.00460161,0
2.74174,0.00522309,0
2.74474,0.0073111,0
2.74775,0.0102512,0
2.75075,0.0122369,0
2.75375,0.0140078,0
2.75676,0.0154113,0
2.75976,0.0158332,0
2.76276,0.0152459,0
2.76577,0.0141629,0
2.76877,0.0130086,0
2.77177,0.0116596,0
2.77477,0.010071,0
2.77778,0.00903029,0
2.78078,0.008976,0
2.78378,0.0096385,0
2.78679,0.0107332,0
2.78979,0.0119808,0
2.79279,0.0139437,0
2.7958,0.0164242,0
2.7988,0.0180331,0
2.8018,0.0181216,0
2.8048,0.0181505,0
2.80781,0.0181652,0
2.81081,0.0178369,0
2.81381,0.0156566,0
2.81682,0.0128148,0
2.81982,0.0104216,0
2.82282,0.00781395,0
2.82583,0.00569687,0
2.82883,0.00474572,0
2.83183,0.00481187,0
2.83483,0.00515142,0
2.83784,0.00564799,0
2.84084,0.00626924,0
2.84384,0.00740858,0
2.84685,0.00868979,0
2.84985,0.00922858,0
2.85285,0.00898696,0
2.85586,0.00846145,0
2.85886,0.00779987,0
2.86186,0.00665015,0
2.86486,0.00497574,0
2.86787,0.00389823,0
2.87087,0.00374542,0
2.87387,0.00401913,0
2.87688,0.00452943,0
2.87988,0.00521338,0
2.88288,0.00662102,0
2.88589,0.00902966,0
2.88889,0.0116145,0
2.89189,0.013275,0
2.89489,0.0148192,0
2.8979,0.0158878,0
2.9009,0.016,0
2.9039,0.0151777,0
2.90691,0.0139014,0
2.90991,0.0126029,0
2.91291,0.0107746,0
2.91592,0.00890446,0
2.91892,0.00789332,0
2.92192,0.00788882,0
2.92492,0.00810002,0
2.92793,0.00843477,0
2.93093,0.00893702,0
2.93393,0.010267,0
2.93694,0.0119548,0
2.93994,0.0127859,0
2.94294,0.0127354,0
2.94595,0.0125994,0
2.94895,0.0123886,0
2.95195,0.0116305,0
2.95495,0.0096136,0
2.95796,0.00744722,0
2.96096,0.00568115,0
2.96396,0.00379756,0
2.96697,0.00255915,0
2.96997,0.00215377,0
2.97297,0.00240246,0
2.97598,0.00305509,0
2.97898,0.00395178,0
2.98198,0.00490183,0
2.98498,0.0062218,0
2.98799,0.0074496,0
2.99099,0.00775033,0
2.99399,0.00754286,0
2.997,0.00722225,0
3,0.0069297,0
