# 20240826_210157
alpha,f0Re,f0Im
0,0.0138587,0
0.00157237,0.0138622,0
0.00314474,0.0138654,0
0.00471711,0.0138686,0
0.00628947,0.013872,0
0.00786184,0.0138757,0
0.00943421,0.0138798,0
0.0110066,0.0138846,0
0.0125789,0.0138903,0
0.0141513,0.0138966,0
0.0157237,0.0139036,0
0.0172961,0.013911,0
0.0188684,0.0139187,0
0.0204408,0.0139267,0
0.0220132,0.0139352,0
0.0235855,0.0139443,0
0.0251579,0.0139539,0
0.0267303,0.013964,0
0.0283026,0.0139745,0
0.029875,0.0139852,0
0.0314474,0.0139964,0
0.0330197,0.0140081,0
0.0345921,0.0140203,0
0.0361645,0.014033,0
0.0377368,0.0140461,0
0.0393092,0.0140595,0
0.0408816,0.0140733,0
0.042454,0.0140875,0
0.0440263,0.0141023,0
0.0455987,0.0141174,0
0.0471711,0.014133,0
0.0487434,0.014149,0
0.0503158,0.0141653,0
0.0518882,0.014182,0
0.0534605,0.0141992,0
0.0550329,0.0142169,0
0.0566053,0.0142349,0
0.0581776,0.0142533,0
0.05975,0.0142721,0
0.0613224,0.0142913,0
0.0628947,0.0143109,0
0.0644671,0.0143309,0
0.0660395,0.0143513,0
0.0676119,0.0143722,0
0.0691842,0.0143933,0
0.0707566,0.0144148,0
0.072329,0.0144368,0
0.0739013,0.0144591,0
0.0754737,0.0144819,0
0.0770461,0.014505,0
0.0786184,0.0145285,0
0.0801908,0.0145523,0
0.0817632,0.0145764,0
0.0833355,0.014601,0
0.0849079,0.014626,0
0.0864803,0.0146513,0
0.0880526,0.014677,0
0.089625,0.0147029,0
0.0911974,0.0147292,0
0.0927698,0.0147559,0
0.0943421,0.0147829,0
0.0959145,0.0148103,0
0.0974869,0.0148381,0
0.0990592,0.0148661,0
0.100632,0.0148943,0
0.102204,0.014923,0
0.103776,0.0149519,0
0.105349,0.0149812,0
0.106921,0.0150108,0
0.108493,0.0150407,0
0.110066,0.0150708,0
0.111638,0.0151012,0
0.113211,0.015132,0
0.114783,0.015163,0
0.116355,0.0151943,0
0.117928,0.0152258,0
0.1195,0.0152576,0
0.121072,0.0152895,0
0.122645,0.0153218,0
0.124217,0.0153543,0
0.125789,0.0153871,0
0.127362,0.0154201,0
0.128934,0.0154532,0
0.130507,0.0154866,0
0.132079,0.0155201,0
0.133651,0.0155539,0
0.135224,0.0155879,0
0.136796,0.0156221,0
0.138368,0.0156564,0
0.139941,0.0156908,0
0.141513,0.0157254,0
0.143086,0.0157602,0
0.144658,0.0157952,0
0.14623,0.0158302,0
0.147803,0.0158654,0
0.149375,0.0159007,0
0.150947,0.015936,0
0.15252,0.0159715,0
0.154092,0.016007,0
0.155665,0.0160427,0
0.157237,0.0160784,0
0.158809,0.0161142,0
0.160382,0.0161499,0
0.161954,0.0161857,0
0.163526,0.0162216,0
0.165099,0.0162575,0
0.166671,0.0162934,0
0.168243,0.0163292,0
0.169816,0.016365,0
0.171388,0.0164008,0
0.172961,0.0164365,0
0.174533,0.0164723,0
0.176105,0.016508,0
0.177678,0.0165435,0
0.17925,0.016579,0
0.180822,0.0166143,0
0.182395,0.0166495,0
0.183967,0.0166846,0
0.18554,0.0167196,0
0.187112,0.0167545,0
0.188684,0.0167891,0
0.190257,0.0168234,0
0.191829,0.0168576,0
0.193401,0.0168917,0
0.194974,0.0169255,0
0.196546,0.0169591,0
0.198118,0.0169923,0
0.199691,0.0170253,0
0.201263,0.0170578,0
0.202836,0.0170902,0
0.204408,0.0171223,0
0.20598,0.0171541,0
0.207553,0.0171854,0
0.209125,0.0172163,0
0.210697,0.0172467,0
0.21227,0.0172768,0
0.213842,0.0173065,0
0.215415,0.0173358,0
0.216987,0.0173646,0
0.218559,0.0173928,0
0.220132,0.0174203,0
0.221704,0.0174473,0
0.223276,0.017474,0
0.224849,0.0175001,0
0.226421,0.0175257,0
0.227993,0.0175505,0
0.229566,0.0175744,0
0.231138,0.0175976,0
0.232711,0.0176204,0
0.234283,0.0176426,0
0.235855,0.0176641,0
0.237428,0.0176847,0
0.239,0.0177042,0
0.240572,0.0177227,0
0.242145,0.0177407,0
0.243717,0.0177581,0
0.24529,0.0177747,0
0.246862,0.0177903,0
0.248434,0.0178046,0
0.250007,0.0178174,0
0.251579,0.0178294,0
0.253151,0.0178414,0
0.254724,0.0178526,0
0.256296,0.0178626,0
0.257868,0.0178707,0
0.259441,0.0178764,0
0.261013,0.0178796,0
0.262586,0.0178824,0
0.264158,0.0178849,0
0.26573,0.0178869,0
0.267303,0.0178884,0
0.268875,0.0178893,0
0.270447,0.0178893,0
0.27202,0.0178868,0
0.273592,0.0178815,0
0.275165,0.017874,0
0.276737,0.0178651,0
0.278309,0.0178552,0
0.279882,0.0178451,0
0.281454,0.0178337,0
0.283026,0.0178194,0
0.284599,0.0178028,0
0.286171,0.0177842,0
0.287743,0.0177641,0
0.289316,0.0177429,0
0.290888,0.0177206,0
0.292461,0.0176958,0
0.294033,0.0176684,0
0.295605,0.0176389,0
0.297178,0.0176075,0
0.29875,0.0175744,0
0.300322,0.01754,0
0.301895,0.0175032,0
0.303467,0.0174637,0
0.30504,0.0174217,0
0.306612,0.0173774,0
0.308184,0.0173312,0
0.309757,0.0172831,0
0.311329,0.017233,0
0.312901,0.0171798,0
0.314474,0.0171239,0
0.316046,0.0170654,0
0.317618,0.0170045,0
0.319191,0.0169415,0
0.320763,0.0168763,0
0.322336,0.016808,0
0.323908,0.0167367,0
0.32548,0.0166624,0
0.327053,0.0165855,0
0.328625,0.016506,0
0.330197,0.0164242,0
0.33177,0.0163393,0
0.333342,0.0162511,0
0.334915,0.0161596,0
0.336487,0.0160652,0
0.338059,0.0159678,0
0.339632,0.0158678,0
0.341204,0.0157649,0
0.342776,0.0156583,0
0.344349,0.0155482,0
0.345921,0.0154348,0
0.347493,0.0153182,0
0.349066,0.0151986,0
0.350638,0.0150761,0
0.352211,0.0149499,0
0.353783,0.0148198,0
0.355355,0.0146861,0
0.356928,0.014549,0
0.3585,0.0144086,0
0.360072,0.0142651,0
0.361645,0.0141179,0
0.363217,0.0139666,0
0.36479,0.0138115,0
0.366362,0.0136527,0
0.367934,0.0134903,0
0.369507,0.0133246,0
0.371079,0.0131554,0
0.372651,0.012982,0
0.374224,0.0128044,0
0.375796,0.0126229,0
0.377368,0.0124377,0
0.378941,0.012249,0
0.380513,0.0120568,0
0.382086,0.0118604,0
0.383658,0.0116598,0
0.38523,0.011455,0
0.386803,0.0112464,0
0.388375,0.011034,0
0.389947,0.0108182,0
0.39152,0.0105985,0
0.393092,0.0103744,0
0.394665,0.0101461,0
0.396237,0.00991382,0
0.397809,0.00967779,0
0.399382,0.00943823,0
0.400954,0.0091951,0
0.402526,0.00894762,0
0.404099,0.00869594,0
0.405671,0.00844028,0
0.407243,0.00818088,0
0.408816,0.007918,0
0.410388,0.00765181,0
0.411961,0.00738161,0
0.413533,0.00710727,0
0.415105,0.00682904,0
0.416678,0.00654719,0
0.41825,0.006262,0
0.419822,0.00597372,0
0.421395,0.00568205,0
0.422967,0.0053864,0
0.42454,0.00508707,0
0.426112,0.00478435,0
0.427684,0.00447854,0
0.429257,0.00416993,0
0.430829,0.00385861,0
0.432401,0.00354375,0
0.433974,0.00322551,0
0.435546,0.00290423,0
0.437118,0.00258024,0
0.438691,0.00225388,0
0.440263,0.00192546,0
0.441836,0.00159428,0
0.443408,0.00126015,0
0.44498,0.000923441,0
0.446553,0.000584546,0
0.448125,0.000243846,0
0.449697,-9.82767e-05,0
0.45127,-0.000442022,0
0.452842,-0.000788146,0
0.454415,-0.00113625,0
0.455987,-0.00148588,0
0.457559,-0.00183662,0
0.459132,-0.00218802,0
0.460704,-0.00253985,0
0.462276,-0.00289314,0
0.463849,-0.00324769,0
0.465421,-0.003603,0
0.466994,-0.00395857,0
0.468566,-0.00431389,0
0.470138,-0.00466847,0
0.471711,-0.00502312,0
0.473283,-0.00537824,0
0.474855,-0.00573323,0
0.476428,-0.00608751,0
0.478,-0.0064405,0
0.479572,-0.0067916,0
0.481145,-0.00714096,0
0.482717,-0.00748982,0
0.48429,-0.0078376,0
0.485862,-0.00818361,0
0.487434,-0.00852716,0
0.489007,-0.00886757,0
0.490579,-0.00920437,0
0.492151,-0.00953927,0
0.493724,-0.00987212,0
0.495296,-0.0102021,0
0.496869,-0.0105284,0
0.498441,-0.0108502,0
0.500013,-0.0111666,0
0.501586,-0.011479,0
0.503158,-0.0117885,0
0.50473,-0.0120941,0
0.506303,-0.0123947,0
0.507875,-0.0126893,0
0.509447,-0.0129771,0
0.51102,-0.013258,0
0.512592,-0.0135351,0
0.514165,-0.0138073,0
0.515737,-0.0140735,0
0.517309,-0.0143323,0
0.518882,-0.0145825,0
0.520454,-0.0148231,0
0.522026,-0.0150582,0
0.523599,-0.015288,0
0.525171,-0.0155109,0
0.526744,-0.0157252,0
0.528316,-0.015929,0
0.529888,-0.0161208,0
0.531461,-0.0163038,0
0.533033,-0.0164822,0
0.534605,-0.0166536,0
0.536178,-0.0168152,0
0.53775,-0.0169646,0
0.539322,-0.0170991,0
0.540895,-0.0172197,0
0.542467,-0.0173389,0
0.54404,-0.0174534,0
0.545612,-0.0175578,0
0.547184,-0.0176466,0
0.548757,-0.0177145,0
0.550329,-0.0177566,0
0.551901,-0.0177879,0
0.553474,-0.0178161,0
0.555046,-0.0178402,0
0.556619,-0.017859,0
0.558191,-0.0178715,0
0.559763,-0.0178768,0
0.561336,-0.0178666,0
0.562908,-0.017831,0
0.56448,-0.0177751,0
0.566053,-0.017704,0
0.567625,-0.0176231,0
0.569197,-0.0175377,0
0.57077,-0.0174493,0
0.572342,-0.0173397,0
0.573915,-0.017209,0
0.575487,-0.0170611,0
0.577059,-0.0169,0
0.578632,-0.0167295,0
0.580204,-0.0165534,0
0.581776,-0.0163631,0
0.583349,-0.016154,0
0.584921,-0.0159284,0
0.586494,-0.015689,0
0.588066,-0.0154383,0
0.589638,-0.0151788,0
0.591211,-0.0149091,0
0.592783,-0.014622,0
0.594355,-0.0143192,0
0.595928,-0.0140027,0
0.5975,-0.0136746,0
0.599072,-0.0133367,0
0.600645,-0.0129903,0
0.602217,-0.0126293,0
0.60379,-0.0122538,0
0.605362,-0.0118653,0
0.606934,-0.0114657,0
0.608507,-0.0110567,0
0.610079,-0.0106401,0
0.611651,-0.0102127,0
0.613224,-0.00977227,0
0.614796,-0.00932034,0
0.616369,-0.00885858,0
0.617941,-0.00838861,0
0.619513,-0.00791206,0
0.621086,-0.00742871,0
0.622658,-0.00693463,0
0.62423,-0.00643105,0
0.625803,-0.00591955,0
0.627375,-0.00540173,0
0.628947,-0.00487919,0
0.63052,-0.00435312,0
0.632092,-0.00381993,0
0.633665,-0.00327963,0
0.635237,-0.00273385,0
0.636809,-0.0021842,0
0.638382,-0.00163231,0
0.639954,-0.00107981,0
0.641526,-0.000524955,0
0.643099,3.4316e-05,0
0.644671,0.000596298,0
0.646244,0.00115928,0
0.647816,0.00172154,0
0.649388,0.00228137,0
0.650961,0.00283848,0
0.652533,0.00339667,0
0.654105,0.00395465,0
0.655678,0.00451055,0
0.65725,0.0050625,0
0.658822,0.00560863,0
0.660395,0.00614735,0
0.661967,0.00668273,0
0.66354,0.00721512,0
0.665112,0.0077424,0
0.666684,0.00826245,0
0.668257,0.00877316,0
0.669829,0.00927241,0
0.671401,0.00976233,0
0.672974,0.010247,0
0.674546,0.0107238,0
0.676119,0.0111905,0
0.677691,0.0116443,0
0.679263,0.0120829,0
0.680836,0.0125057,0
0.682408,0.0129207,0
0.68398,0.0133262,0
0.685553,0.0137191,0
0.687125,0.0140962,0
0.688697,0.0144542,0
0.69027,0.0147904,0
0.691842,0.0151147,0
0.693415,0.0154299,0
0.694987,0.0157315,0
0.696559,0.0160149,0
0.698132,0.0162755,0
0.699704,0.0165087,0
0.701276,0.0167221,0
0.702849,0.016933,0
0.704421,0.0171329,0
0.705994,0.017313,0
0.707566,0.0174643,0
0.709138,0.0175777,0
0.710711,0.0176495,0
0.712283,0.0177101,0
0.713855,0.0177645,0
0.715428,0.0178105,0
0.717,0.0178456,0
0.718572,0.0178677,0
0.720145,0.0178744,0
0.721717,0.0178484,0
0.72329,0.0177844,0
0.724862,0.0176906,0
0.726434,0.0175753,0
0.728007,0.0174465,0
0.729579,0.0173124,0
0.731151,0.0171681,0
0.732724,0.0169869,0
0.734296,0.0167736,0
0.735869,0.0165349,0
0.737441,0.0162776,0
0.739013,0.0160083,0
0.740586,0.0157314,0
0.742158,0.0154297,0
0.74373,0.0151011,0
0.745303,0.0147499,0
0.746875,0.0143804,0
0.748447,0.0139966,0
0.75002,0.0136029,0
0.751592,0.0131928,0
0.753165,0.0127598,0
0.754737,0.0123071,0
0.756309,0.0118381,0
0.757882,0.0113559,0
0.759454,0.0108638,0
0.761026,0.0103618,0
0.762599,0.00984189,0
0.764171,0.00930593,0
0.765744,0.00875672,0
0.767316,0.00819703,0
0.768888,0.00762967,0
0.770461,0.00705688,0
0.772033,0.00647268,0
0.773605,0.00587658,0
0.775178,0.00527112,0
0.77675,0.00465888,0
0.778323,0.00404242,0
0.779895,0.00342428,0
0.781467,0.0028023,0
0.78304,0.00217283,0
0.784612,0.00153833,0
0.786184,0.00090128,0
0.787757,0.000264154,0
0.789329,-0.00037057,0
0.790901,-0.00100215,0
0.792474,-0.00163597,0
0.794046,-0.00227049,0
0.795619,-0.00290318,0
0.797191,-0.00353155,0
0.798763,-0.00415308,0
0.800336,-0.00476551,0
0.801908,-0.00537386,0
0.80348,-0.00597898,0
0.805053,-0.0065782,0
0.806625,-0.00716886,0
0.808198,-0.00774828,0
0.80977,-0.00831381,0
0.811342,-0.00886759,0
0.812915,-0.00941501,0
0.814487,-0.00995323,0
0.816059,-0.0104792,0
0.817632,-0.0109901,0
0.819204,-0.0114827,0
0.820776,-0.0119562,0
0.822349,-0.01242,0
0.823921,-0.0128727,0
0.825494,-0.0133106,0
0.827066,-0.0137302,0
0.828638,-0.0141277,0
0.830211,-0.0144998,0
0.831783,-0.0148573,0
0.833355,-0.0152043,0
0.834928,-0.0155359,0
0.8365,-0.015847,0
0.838073,-0.0161326,0
0.839645,-0.0163878,0
0.841217,-0.0166195,0
0.84279,-0.0168477,0
0.844362,-0.017064,0
0.845934,-0.017259,0
0.847507,-0.0174233,0
0.849079,-0.0175475,0
0.850651,-0.0176268,0
0.852224,-0.0176933,0
0.853796,-0.0177531,0
0.855369,-0.0178038,0
0.856941,-0.0178428,0
0.858513,-0.0178676,0
0.860086,-0.0178757,0
0.861658,-0.0178511,0
0.86323,-0.017788,0
0.864803,-0.0176947,0
0.866375,-0.0175794,0
0.867948,-0.0174504,0
0.86952,-0.017316,0
0.871092,-0.0171726,0
0.872665,-0.0169929,0
0.874237,-0.0167813,0
0.875809,-0.0165447,0
0.877382,-0.0162898,0
0.878954,-0.0160234,0
0.880526,-0.0157506,0
0.882099,-0.015455,0
0.883671,-0.015134,0
0.885244,-0.0147917,0
0.886816,-0.0144324,0
0.888388,-0.01406,0
0.889961,-0.0136788,0
0.891533,-0.0132836,0
0.893105,-0.0128677,0
0.894678,-0.0124341,0
0.89625,-0.011986,0
0.897823,-0.0115264,0
0.899395,-0.0110583,0
0.900967,-0.0105822,0
0.90254,-0.0100909,0
0.904112,-0.00958578,0
0.905684,-0.00906943,0
0.907257,-0.00854432,0
0.908829,-0.00801297,0
0.910401,-0.00747754,0
0.911974,-0.00693311,0
0.913546,-0.00637894,0
0.915119,-0.00581721,0
0.916691,-0.00525011,0
0.918263,-0.00467981,0
0.919836,-0.00410849,0
0.921408,-0.00353472,0
0.92298,-0.00295523,0
0.924553,-0.00237193,0
0.926125,-0.00178683,0
0.927698,-0.00120188,0
0.92927,-0.000619074,0
0.930842,-3.92137e-05,0
0.932415,0.00054189,0
0.933987,0.00112325,0
0.935559,0.001703,0
0.937132,0.00227927,0
0.938704,0.00285019,0
0.940276,0.00341403,0
0.941849,0.00397414,0
0.943421,0.00453143,0
0.944994,0.00508407,0
0.946566,0.00563024,0
0.948138,0.0061681,0
0.949711,0.00669584,0
0.951283,0.00721448,0
0.952855,0.00772778,0
0.954428,0.00823401,0
0.956,0.00873131,0
0.957573,0.00921781,0
0.959145,0.00969164,0
0.960717,0.010152,0
0.96229,0.0106042,0
0.963862,0.0110477,0
0.965434,0.0114806,0
0.967007,0.0119008,0
0.968579,0.0123064,0
0.970151,0.0126953,0
0.971724,0.0130725,0
0.973296,0.0134405,0
0.974869,0.0137971,0
0.976441,0.0141399,0
0.978013,0.0144666,0
0.979586,0.0147748,0
0.981158,0.0150665,0
0.98273,0.0153497,0
0.984303,0.0156219,0
0.985875,0.0158801,0
0.987448,0.0161214,0
0.98902,0.0163428,0
0.990592,0.016543,0
0.992165,0.0167352,0
0.993737,0.0169194,0
0.995309,0.0170909,0
0.996882,0.0172449,0
0.998454,0.0173768,0
1.00003,0.0174817,0
1.0016,0.0175727,0
1.00317,0.017661,0
1.00474,0.0177412,0
1.00632,0.0178082,0
1.00789,0.0178564,0
1.00946,0.0178806,0
1.01103,0.0178797,0
1.01261,0.017866,0
1.01418,0.0178423,0
1.01575,0.0178103,0
1.01732,0.0177718,0
1.01889,0.0177286,0
1.02047,0.017681,0
1.02204,0.0176092,0
1.02361,0.017511,0
1.02518,0.0173921,0
1.02676,0.0172585,0
1.02833,0.0171162,0
1.0299,0.0169709,0
1.03147,0.0168173,0
1.03305,0.016645,0
1.03462,0.0164568,0
1.03619,0.0162559,0
1.03776,0.016045,0
1.03934,0.0158272,0
1.04091,0.0156031,0
1.04248,0.015365,0
1.04405,0.0151137,0
1.04563,0.0148512,0
1.0472,0.0145794,0
1.04877,0.0143004,0
1.05034,0.014016,0
1.05191,0.0137218,0
1.05349,0.0134167,0
1.05506,0.0131022,0
1.05663,0.0127796,0
1.0582,0.0124507,0
1.05978,0.0121168,0
1.06135,0.011777,0
1.06292,0.0114285,0
1.06449,0.0110724,0
1.06607,0.0107099,0
1.06764,0.0103421,0
1.06921,0.00997042,0
1.07078,0.0095953,0
1.07236,0.00921404,0
1.07393,0.008827,0
1.0755,0.00843521,0
1.07707,0.00803967,0
1.07864,0.00764138,0
1.08022,0.00724132,0
1.08179,0.00683791,0
1.08336,0.00643049,0
1.08493,0.00601994,0
1.08651,0.00560712,0
1.08808,0.00519289,0
1.08965,0.00477814,0
1.09122,0.00436266,0
1.0928,0.0039449,0
1.09437,0.00352553,0
1.09594,0.00310534,0
1.09751,0.00268507,0
1.09909,0.0022655,0
1.10066,0.00184711,0
1.10223,0.00142836,0
1.1038,0.0010094,0
1.10538,0.000590932,0
1.10695,0.000173638,0
1.10852,-0.000241792,0
1.11009,-0.000654674,0
1.11166,-0.00106591,0
1.11324,-0.00147613,0
1.11481,-0.00188469,0
1.11638,-0.00229095,0
1.11795,-0.0026943,0
1.11953,-0.00309408,0
1.1211,-0.00349035,0
1.12267,-0.00388444,0
1.12424,-0.00427589,0
1.12582,-0.00466409,0
1.12739,-0.00504846,0
1.12896,-0.00542839,0
1.13053,-0.00580345,0
1.13211,-0.00617505,0
1.13368,-0.00654322,0
1.13525,-0.00690737,0
1.13682,-0.00726693,0
1.13839,-0.00762134,0
1.13997,-0.00797001,0
1.14154,-0.00831374,0
1.14311,-0.00865346,0
1.14468,-0.0089886,0
1.14626,-0.00931857,0
1.14783,-0.00964283,0
1.1494,-0.0099608,0
1.15097,-0.0102725,0
1.15255,-0.0105796,0
1.15412,-0.0108817,0
1.15569,-0.0111783,0
1.15726,-0.0114688,0
1.15884,-0.0117526,0
1.16041,-0.0120293,0
1.16198,-0.0123005,0
1.16355,-0.0125666,0
1.16513,-0.012827,0
1.1667,-0.0130811,0
1.16827,-0.0133282,0
1.16984,-0.0135678,0
1.17141,-0.0138007,0
1.17299,-0.0140286,0
1.17456,-0.0142509,0
1.17613,-0.0144667,0
1.1777,-0.0146756,0
1.17928,-0.0148767,0
1.18085,-0.0150701,0
1.18242,-0.0152584,0
1.18399,-0.0154412,0
1.18557,-0.0156179,0
1.18714,-0.0157876,0
1.18871,-0.0159496,0
1.19028,-0.0161031,0
1.19186,-0.0162509,0
1.19343,-0.016394,0
1.195,-0.0165312,0
1.19657,-0.0166618,0
1.19814,-0.0167846,0
1.19972,-0.0168987,0
1.20129,-0.0170057,0
1.20286,-0.0171089,0
1.20443,-0.0172073,0
1.20601,-0.0172994,0
1.20758,-0.0173838,0
1.20915,-0.0174592,0
1.21072,-0.0175256,0
1.2123,-0.0175899,0
1.21387,-0.0176513,0
1.21544,-0.0177073,0
1.21701,-0.0177553,0
1.21859,-0.0177927,0
1.22016,-0.017817,0
1.22173,-0.0178346,0
1.2233,-0.0178506,0
1.22488,-0.0178644,0
1.22645,-0.0178753,0
1.22802,-0.0178828,0
1.22959,-0.0178863,0
1.23116,-0.017883,0
1.23274,-0.0178688,0
1.23431,-0.0178455,0
1.23588,-0.0178155,0
1.23745,-0.0177811,0
1.23903,-0.0177446,0
1.2406,-0.0177073,0
1.24217,-0.0176618,0
1.24374,-0.0176074,0
1.24532,-0.0175457,0
1.24689,-0.0174786,0
1.24846,-0.0174076,0
1.25003,-0.0173347,0
1.25161,-0.0172572,0
1.25318,-0.0171724,0
1.25475,-0.0170814,0
1.25632,-0.0169852,0
1.25789,-0.0168847,0
1.25947,-0.016781,0
1.26104,-0.016674,0
1.26261,-0.0165609,0
1.26418,-0.0164423,0
1.26576,-0.0163187,0
1.26733,-0.0161909,0
1.2689,-0.0160597,0
1.27047,-0.0159254,0
1.27205,-0.0157865,0
1.27362,-0.0156424,0
1.27519,-0.0154938,0
1.27676,-0.0153413,0
1.27834,-0.0151853,0
1.27991,-0.0150264,0
1.28148,-0.0148639,0
1.28305,-0.0146969,0
1.28463,-0.0145258,0
1.2862,-0.014351,0
1.28777,-0.014173,0
1.28934,-0.0139922,0
1.29091,-0.0138087,0
1.29249,-0.0136213,0
1.29406,-0.0134302,0
1.29563,-0.0132358,0
1.2972,-0.0130385,0
1.29878,-0.0128386,0
1.30035,-0.0126364,0
1.30192,-0.0124312,0
1.30349,-0.0122228,0
1.30507,-0.0120114,0
1.30664,-0.0117974,0
1.30821,-0.0115811,0
1.30978,-0.0113628,0
1.31136,-0.0111423,0
1.31293,-0.0109191,0
1.3145,-0.0106933,0
1.31607,-0.0104652,0
1.31764,-0.0102352,0
1.31922,-0.0100035,0
1.32079,-0.00977018,0
1.32236,-0.00953465,0
1.32393,-0.00929698,0
1.32551,-0.00905744,0
1.32708,-0.00881625,0
1.32865,-0.00857366,0
1.33022,-0.0083299,0
1.3318,-0.00808457,0
1.33337,-0.00783751,0
1.33494,-0.00758893,0
1.33651,-0.00733905,0
1.33809,-0.00708809,0
1.33966,-0.00683627,0
1.34123,-0.00658351,0
1.3428,-0.00632943,0
1.34438,-0.00607419,0
1.34595,-0.00581798,0
1.34752,-0.00556102,0
1.34909,-0.00530348,0
1.35066,-0.0050455,0
1.35224,-0.00478666,0
1.35381,-0.00452702,0
1.35538,-0.00426674,0
1.35695,-0.004006,0
1.35853,-0.003745,0
1.3601,-0.0034839,0
1.36167,-0.00322248,0
1.36324,-0.00296057,0
1.36482,-0.00269834,0
1.36639,-0.00243597,0
1.36796,-0.00217361,0
1.36953,-0.00191143,0
1.37111,-0.00164944,0
1.37268,-0.0013873,0
1.37425,-0.00112514,0
1.37582,-0.000863118,0
1.37739,-0.000601393,0
1.37897,-0.000340123,0
1.38054,-7.94265e-05,0
1.38211,0.000181021,0
1.38368,0.000441208,0
1.38526,0.000700984,0
1.38683,0.000960195,0
1.3884,0.00121869,0
1.38997,0.00147631,0
1.39155,0.00173323,0
1.39312,0.00198963,0
1.39469,0.00224536,0
1.39626,0.00250027,0
1.39784,0.00275422,0
1.39941,0.00300705,0
1.40098,0.00325874,0
1.40255,0.00350962,0
1.40413,0.0037596,0
1.4057,0.00400852,0
1.40727,0.00425623,0
1.40884,0.0045026,0
1.41041,0.0047475,0
1.41199,0.00499123,0
1.41356,0.00523384,0
1.41513,0.00547518,0
1.4167,0.0057151,0
1.41828,0.00595345,0
1.41985,0.00619009,0
1.42142,0.00642515,0
1.42299,0.00665889,0
1.42457,0.00689116,0
1.42614,0.00712182,0
1.42771,0.00735072,0
1.42928,0.00757771,0
1.43086,0.00780274,0
1.43243,0.00802622,0
1.434,0.00824805,0
1.43557,0.0084681,0
1.43714,0.00868622,0
1.43872,0.00890227,0
1.44029,0.00911609,0
1.44186,0.00932805,0
1.44343,0.00953823,0
1.44501,0.00974648,0
1.44658,0.00995265,0
1.44815,0.0101566,0
1.44972,0.0103582,0
1.4513,0.0105575,0
1.45287,0.0107549,0
1.45444,0.0109502,0
1.45601,0.0111434,0
1.45759,0.0113342,0
1.45916,0.0115225,0
1.46073,0.0117082,0
1.4623,0.0118918,0
1.46388,0.0120733,0
1.46545,0.0122525,0
1.46702,0.0124292,0
1.46859,0.0126033,0
1.47016,0.0127746,0
1.47174,0.0129434,0
1.47331,0.0131101,0
1.47488,0.0132744,0
1.47645,0.0134362,0
1.47803,0.0135952,0
1.4796,0.0137513,0
1.48117,0.0139045,0
1.48274,0.0140556,0
1.48432,0.0142042,0
1.48589,0.0143502,0
1.48746,0.0144933,0
1.48903,0.0146334,0
1.49061,0.0147704,0
1.49218,0.0149049,0
1.49375,0.015037,0
1.49532,0.0151665,0
1.49689,0.015293,0
1.49847,0.0154165,0
1.50004,0.0155366,0
1.50161,0.0156539,0
1.50318,0.0157688,0
1.50476,0.0158811,0
1.50633,0.0159905,0
1.5079,0.0160968,0
1.50947,0.0161995,0
1.51105,0.016299,0
1.51262,0.0163962,0
1.51419,0.0164908,0
1.51576,0.0165826,0
1.51734,0.0166711,0
1.51891,0.0167562,0
1.52048,0.0168375,0
1.52205,0.0169163,0
1.52363,0.0169928,0
1.5252,0.0170666,0
1.52677,0.0171372,0
1.52834,0.0172042,0
1.52991,0.0172672,0
1.53149,0.0173271,0
1.53306,0.0173852,0
1.53463,0.0174407,0
1.5362,0.0174931,0
1.53778,0.0175419,0
1.53935,0.0175864,0
1.54092,0.0176269,0
1.54249,0.0176661,0
1.54407,0.0177034,0
1.54564,0.0177379,0
1.54721,0.0177685,0
1.54878,0.0177942,0
1.55036,0.0178143,0
1.55193,0.0178325,0
1.5535,0.0178499,0
1.55507,0.0178654,0
1.55665,0.017878,0
1.55822,0.0178866,0
1.55979,0.0178903,0
1.56136,0.0178892,0
1.56293,0.0178852,0
1.56451,0.0178789,0
1.56608,0.0178706,0
1.56765,0.0178609,0
1.56922,0.0178503,0
1.5708,0.0178379,0
