# 20240826_182855
alpha,Df0Re,Df0Im
0,-0.213337,0
0.00157237,-0.213435,0
0.00314474,-0.213541,0
0.00471711,-0.213649,0
0.00628947,-0.213749,0
0.00786184,-0.213836,0
0.00943421,-0.213903,0
0.0110066,-0.213947,0
0.0125789,-0.213986,0
0.0141513,-0.214022,0
0.0157237,-0.214052,0
0.0172961,-0.214075,0
0.0188684,-0.214091,0
0.0204408,-0.214099,0
0.0220132,-0.214104,0
0.0235855,-0.214108,0
0.0251579,-0.214111,0
0.0267303,-0.214114,0
0.0283026,-0.214116,0
0.029875,-0.214116,0
0.0314474,-0.214115,0
0.0330197,-0.214113,0
0.0345921,-0.214109,0
0.0361645,-0.214106,0
0.0377368,-0.214102,0
0.0393092,-0.2141,0
0.0408816,-0.214099,0
0.042454,-0.214098,0
0.0440263,-0.214097,0
0.0455987,-0.214097,0
0.0471711,-0.214096,0
0.0487434,-0.214096,0
0.0503158,-0.214096,0
0.0518882,-0.214097,0
0.0534605,-0.2141,0
0.0550329,-0.214103,0
0.0566053,-0.214107,0
0.0581776,-0.214112,0
0.05975,-0.214116,0
0.0613224,-0.214121,0
0.0628947,-0.214126,0
0.0644671,-0.214132,0
0.0660395,-0.214138,0
0.0676119,-0.214145,0
0.0691842,-0.214151,0
0.0707566,-0.214157,0
0.072329,-0.214163,0
0.0739013,-0.21417,0
0.0754737,-0.214176,0
0.0770461,-0.214183,0
0.0786184,-0.214189,0
0.0801908,-0.214194,0
0.0817632,-0.214199,0
0.0833355,-0.214205,0
0.0849079,-0.21421,0
0.0864803,-0.214214,0
0.0880526,-0.214218,0
0.089625,-0.21422,0
0.0911974,-0.214222,0
0.0927698,-0.214223,0
0.0943421,-0.214223,0
0.0959145,-0.214224,0
0.0974869,-0.214225,0
0.0990592,-0.214225,0
0.100632,-0.214225,0
0.102204,-0.214223,0
0.103776,-0.21422,0
0.105349,-0.214215,0
0.106921,-0.21421,0
0.108493,-0.214204,0
0.110066,-0.214197,0
0.111638,-0.21419,0
0.113211,-0.214182,0
0.114783,-0.214172,0
0.116355,-0.214161,0
0.117928,-0.214149,0
0.1195,-0.214137,0
0.121072,-0.214124,0
0.122645,-0.214109,0
0.124217,-0.214093,0
0.125789,-0.214076,0
0.127362,-0.214058,0
0.128934,-0.214039,0
0.130507,-0.214019,0
0.132079,-0.213997,0
0.133651,-0.213974,0
0.135224,-0.21395,0
0.136796,-0.213924,0
0.138368,-0.213897,0
0.139941,-0.21387,0
0.141513,-0.213841,0
0.143086,-0.21381,0
0.144658,-0.213777,0
0.14623,-0.213743,0
0.147803,-0.213708,0
0.149375,-0.213671,0
0.150947,-0.213633,0
0.15252,-0.213593,0
0.154092,-0.213551,0
0.155665,-0.213507,0
0.157237,-0.213462,0
0.158809,-0.213415,0
0.160382,-0.213366,0
0.161954,-0.213315,0
0.163526,-0.213262,0
0.165099,-0.213207,0
0.166671,-0.21315,0
0.168243,-0.213091,0
0.169816,-0.21303,0
0.171388,-0.212966,0
0.172961,-0.2129,0
0.174533,-0.212832,0
0.176105,-0.212761,0
0.177678,-0.212687,0
0.17925,-0.212611,0
0.180822,-0.212533,0
0.182395,-0.212451,0
0.183967,-0.212367,0
0.18554,-0.212279,0
0.187112,-0.212188,0
0.188684,-0.212095,0
0.190257,-0.211999,0
0.191829,-0.211899,0
0.193401,-0.211796,0
0.194974,-0.211689,0
0.196546,-0.211579,0
0.198118,-0.211465,0
0.199691,-0.211348,0
0.201263,-0.211227,0
0.202836,-0.211102,0
0.204408,-0.210973,0
0.20598,-0.21084,0
0.207553,-0.210702,0
0.209125,-0.210561,0
0.210697,-0.210415,0
0.21227,-0.210265,0
0.213842,-0.21011,0
0.215415,-0.20995,0
0.216987,-0.209786,0
0.218559,-0.209616,0
0.220132,-0.209443,0
0.221704,-0.209264,0
0.223276,-0.209079,0
0.224849,-0.208889,0
0.226421,-0.208693,0
0.227993,-0.208492,0
0.229566,-0.208286,0
0.231138,-0.208074,0
0.232711,-0.207856,0
0.234283,-0.207632,0
0.235855,-0.207401,0
0.237428,-0.207164,0
0.239,-0.206921,0
0.240572,-0.206672,0
0.242145,-0.206416,0
0.243717,-0.206153,0
0.24529,-0.205883,0
0.246862,-0.205606,0
0.248434,-0.205322,0
0.250007,-0.205031,0
0.251579,-0.204733,0
0.253151,-0.204427,0
0.254724,-0.204113,0
0.256296,-0.203791,0
0.257868,-0.203461,0
0.259441,-0.203124,0
0.261013,-0.202779,0
0.262586,-0.202425,0
0.264158,-0.202061,0
0.26573,-0.201689,0
0.267303,-0.201309,0
0.268875,-0.200919,0
0.270447,-0.200522,0
0.27202,-0.200114,0
0.273592,-0.199697,0
0.275165,-0.19927,0
0.276737,-0.198833,0
0.278309,-0.198386,0
0.279882,-0.19793,0
0.281454,-0.197464,0
0.283026,-0.196987,0
0.284599,-0.196499,0
0.286171,-0.195999,0
0.287743,-0.19549,0
0.289316,-0.19497,0
0.290888,-0.194439,0
0.292461,-0.193896,0
0.294033,-0.19334,0
0.295605,-0.192773,0
0.297178,-0.192194,0
0.29875,-0.191603,0
0.300322,-0.191001,0
0.301895,-0.190385,0
0.303467,-0.189756,0
0.30504,-0.189114,0
0.306612,-0.188459,0
0.308184,-0.187791,0
0.309757,-0.18711,0
0.311329,-0.186416,0
0.312901,-0.185706,0
0.314474,-0.184982,0
0.316046,-0.184244,0
0.317618,-0.183491,0
0.319191,-0.182725,0
0.320763,-0.181944,0
0.322336,-0.181147,0
0.323908,-0.180334,0
0.32548,-0.179505,0
0.327053,-0.178661,0
0.328625,-0.177801,0
0.330197,-0.176925,0
0.33177,-0.176033,0
0.333342,-0.175124,0
0.334915,-0.174196,0
0.336487,-0.173252,0
0.338059,-0.172291,0
0.339632,-0.171313,0
0.341204,-0.170318,0
0.342776,-0.169304,0
0.344349,-0.168271,0
0.345921,-0.167219,0
0.347493,-0.166148,0
0.349066,-0.16506,0
0.350638,-0.163953,0
0.352211,-0.162826,0
0.353783,-0.161679,0
0.355355,-0.160511,0
0.356928,-0.159323,0
0.3585,-0.158116,0
0.360072,-0.156889,0
0.361645,-0.155641,0
0.363217,-0.154372,0
0.36479,-0.15308,0
0.366362,-0.151767,0
0.367934,-0.150432,0
0.369507,-0.149077,0
0.371079,-0.1477,0
0.372651,-0.1463,0
0.374224,-0.144876,0
0.375796,-0.14343,0
0.377368,-0.14196,0
0.378941,-0.140468,0
0.380513,-0.138955,0
0.382086,-0.137417,0
0.383658,-0.135853,0
0.38523,-0.134265,0
0.386803,-0.132653,0
0.388375,-0.131018,0
0.389947,-0.129359,0
0.39152,-0.127675,0
0.393092,-0.125965,0
0.394665,-0.124229,0
0.396237,-0.122467,0
0.397809,-0.120681,0
0.399382,-0.11887,0
0.400954,-0.117034,0
0.402526,-0.115171,0
0.404099,-0.11328,0
0.405671,-0.111363,0
0.407243,-0.109419,0
0.408816,-0.10745,0
0.410388,-0.105456,0
0.411961,-0.103434,0
0.413533,-0.101383,0
0.415105,-0.0993046,0
0.416678,-0.0971989,0
0.41825,-0.0950668,0
0.419822,-0.0929089,0
0.421395,-0.0907239,0
0.422967,-0.0885092,0
0.42454,-0.0862656,0
0.426112,-0.083994,0
0.427684,-0.0816952,0
0.429257,-0.07937,0
0.430829,-0.0770185,0
0.432401,-0.0746371,0
0.433974,-0.0722262,0
0.435546,-0.0697867,0
0.437118,-0.0673195,0
0.438691,-0.0648254,0
0.440263,-0.0623054,0
0.441836,-0.0597564,0
0.443408,-0.0571773,0
0.44498,-0.0545693,0
0.446553,-0.0519333,0
0.448125,-0.0492704,0
0.449697,-0.0465817,0
0.45127,-0.043866,0
0.452842,-0.0411203,0
0.454415,-0.0383456,0
0.455987,-0.0355431,0
0.457559,-0.0327138,0
0.459132,-0.0298591,0
0.460704,-0.0269793,0
0.462276,-0.0240706,0
0.463849,-0.0211333,0
0.465421,-0.0181686,0
0.466994,-0.0151778,0
0.468566,-0.0121622,0
0.470138,-0.00912305,0
0.471711,-0.00605755,0
0.473283,-0.00296411,0
0.474855,0.000155816,0
0.476428,0.0033008,0
0.478,0.0064694,0
0.479572,0.00966017,0
0.481145,0.0128737,0
0.482717,0.0161136,0
0.48429,0.0193788,0
0.485862,0.0226675,0
0.487434,0.0259782,0
0.489007,0.0293092,0
0.490579,0.0326596,0
0.492151,0.0360335,0
0.493724,0.0394308,0
0.495296,0.0428497,0
0.496869,0.0462885,0
0.498441,0.0497453,0
0.500013,0.0532185,0
0.501586,0.0567105,0
0.503158,0.0602237,0
0.50473,0.063756,0
0.506303,0.0673056,0
0.507875,0.0708703,0
0.509447,0.0744484,0
0.51102,0.0780397,0
0.512592,0.0816488,0
0.514165,0.0852741,0
0.515737,0.0889135,0
0.517309,0.0925647,0
0.518882,0.0962256,0
0.520454,0.0998943,0
0.522026,0.103576,0
0.523599,0.10727,0
0.525171,0.110975,0
0.526744,0.114687,0
0.528316,0.118405,0
0.529888,0.122126,0
0.531461,0.125853,0
0.533033,0.129588,0
0.534605,0.13333,0
0.536178,0.137075,0
0.53775,0.140821,0
0.539322,0.144565,0
0.540895,0.148306,0
0.542467,0.152051,0
0.54404,0.155798,0
0.545612,0.159543,0
0.547184,0.163284,0
0.548757,0.167018,0
0.550329,0.170741,0
0.551901,0.17446,0
0.553474,0.178176,0
0.555046,0.181885,0
0.556619,0.185585,0
0.558191,0.189271,0
0.559763,0.19294,0
0.561336,0.196595,0
0.562908,0.200241,0
0.56448,0.203875,0
0.566053,0.207493,0
0.567625,0.211092,0
0.569197,0.214667,0
0.57077,0.218217,0
0.572342,0.221751,0
0.573915,0.225267,0
0.575487,0.228761,0
0.577059,0.232229,0
0.578632,0.235667,0
0.580204,0.23907,0
0.581776,0.242446,0
0.583349,0.245799,0
0.584921,0.249125,0
0.586494,0.252417,0
0.588066,0.255672,0
0.589638,0.258884,0
0.591211,0.262056,0
0.592783,0.265199,0
0.594355,0.268308,0
0.595928,0.271378,0
0.5975,0.274404,0
0.599072,0.277378,0
0.600645,0.280299,0
0.602217,0.283182,0
0.60379,0.286028,0
0.605362,0.288828,0
0.606934,0.291576,0
0.608507,0.294266,0
0.610079,0.29689,0
0.611651,0.299464,0
0.613224,0.301996,0
0.614796,0.304478,0
0.616369,0.306902,0
0.617941,0.309261,0
0.619513,0.311545,0
0.621086,0.313759,0
0.622658,0.315928,0
0.62423,0.318046,0
0.625803,0.3201,0
0.627375,0.322083,0
0.628947,0.323982,0
0.63052,0.325791,0
0.632092,0.327549,0
0.633665,0.329257,0
0.635237,0.3309,0
0.636809,0.332465,0
0.638382,0.333938,0
0.639954,0.335304,0
0.641526,0.336598,0
0.643099,0.337855,0
0.644671,0.339051,0
0.646244,0.340166,0
0.647816,0.341177,0
0.649388,0.342063,0
0.650961,0.34284,0
0.652533,0.343626,0
0.654105,0.344383,0
0.655678,0.345056,0
0.65725,0.34559,0
0.658822,0.345931,0
0.660395,0.346034,0
0.661967,0.346056,0
0.66354,0.346074,0
0.665112,0.346089,0
0.666684,0.346099,0
0.668257,0.346106,0
0.669829,0.346108,0
0.671401,0.345996,0
0.672974,0.345636,0
0.674546,0.345083,0
0.676119,0.344392,0
0.677691,0.34362,0
0.679263,0.342822,0
0.680836,0.34202,0
0.682408,0.341078,0
0.68398,0.339994,0
0.685553,0.338792,0
0.687125,0.337498,0
0.688697,0.336135,0
0.69027,0.334725,0
0.691842,0.333211,0
0.693415,0.331567,0
0.694987,0.329809,0
0.696559,0.327952,0
0.698132,0.326014,0
0.699704,0.32401,0
0.701276,0.321927,0
0.702849,0.319721,0
0.704421,0.317403,0
0.705994,0.314986,0
0.707566,0.312482,0
0.709138,0.309904,0
0.710711,0.307257,0
0.712283,0.304501,0
0.713855,0.301636,0
0.715428,0.298674,0
0.717,0.295624,0
0.718572,0.292497,0
0.720145,0.289303,0
0.721717,0.286019,0
0.72329,0.282631,0
0.724862,0.27915,0
0.726434,0.275583,0
0.728007,0.271939,0
0.729579,0.268229,0
0.731151,0.264448,0
0.732724,0.260572,0
0.734296,0.256607,0
0.735869,0.252561,0
0.737441,0.248443,0
0.739013,0.244261,0
0.740586,0.240021,0
0.742158,0.235699,0
0.74373,0.231296,0
0.745303,0.22682,0
0.746875,0.222277,0
0.748447,0.217676,0
0.75002,0.213025,0
0.751592,0.208312,0
0.753165,0.203526,0
0.754737,0.198674,0
0.756309,0.193765,0
0.757882,0.188806,0
0.759454,0.183803,0
0.761026,0.178757,0
0.762599,0.173651,0
0.764171,0.168489,0
0.765744,0.163279,0
0.767316,0.158028,0
0.768888,0.152743,0
0.770461,0.14743,0
0.772033,0.142072,0
0.773605,0.136671,0
0.775178,0.131232,0
0.77675,0.125762,0
0.778323,0.120269,0
0.779895,0.114759,0
0.781467,0.109226,0
0.78304,0.10366,0
0.784612,0.0980687,0
0.786184,0.092458,0
0.787757,0.086835,0
0.789329,0.0812065,0
0.790901,0.0755745,0
0.792474,0.0699243,0
0.794046,0.0642601,0
0.795619,0.0585887,0
0.797191,0.0529167,0
0.798763,0.0472511,0
0.800336,0.0415979,0
0.801908,0.0359447,0
0.80348,0.0302894,0
0.805053,0.0246388,0
0.806625,0.0189996,0
0.808198,0.0133786,0
0.80977,0.0077826,0
0.811342,0.00220774,0
0.812915,-0.0033574,0
0.814487,-0.00890634,0
0.816059,-0.0144323,0
0.817632,-0.0199284,0
0.819204,-0.025388,0
0.820776,-0.0308078,0
0.822349,-0.0362037,0
0.823921,-0.0415726,0
0.825494,-0.0469077,0
0.827066,-0.0522022,0
0.828638,-0.0574491,0
0.830211,-0.062642,0
0.831783,-0.0677934,0
0.833355,-0.0729083,0
0.834928,-0.0779798,0
0.8365,-0.0830009,0
0.838073,-0.0879647,0
0.839645,-0.092864,0
0.841217,-0.0977023,0
0.84279,-0.102495,0
0.844362,-0.107237,0
0.845934,-0.111919,0
0.847507,-0.116536,0
0.849079,-0.121081,0
0.850651,-0.125548,0
0.852224,-0.129958,0
0.853796,-0.134311,0
0.855369,-0.138599,0
0.856941,-0.142815,0
0.858513,-0.14695,0
0.860086,-0.150999,0
0.861658,-0.154976,0
0.86323,-0.158891,0
0.864803,-0.162737,0
0.866375,-0.166505,0
0.867948,-0.170189,0
0.86952,-0.173781,0
0.871092,-0.177284,0
0.872665,-0.180721,0
0.874237,-0.184088,0
0.875809,-0.187375,0
0.877382,-0.190575,0
0.878954,-0.193679,0
0.880526,-0.196682,0
0.882099,-0.199613,0
0.883671,-0.202474,0
0.885244,-0.205257,0
0.886816,-0.207951,0
0.888388,-0.210548,0
0.889961,-0.213039,0
0.891533,-0.215444,0
0.893105,-0.217783,0
0.894678,-0.220048,0
0.89625,-0.222226,0
0.897823,-0.224309,0
0.899395,-0.226284,0
0.900967,-0.228156,0
0.90254,-0.229968,0
0.904112,-0.231713,0
0.905684,-0.233377,0
0.907257,-0.234947,0
0.908829,-0.236411,0
0.910401,-0.237759,0
0.911974,-0.239045,0
0.913546,-0.240278,0
0.915119,-0.241441,0
0.916691,-0.242515,0
0.918263,-0.243483,0
0.919836,-0.244325,0
0.921408,-0.245089,0
0.92298,-0.245838,0
0.924553,-0.24654,0
0.926125,-0.247158,0
0.927698,-0.247656,0
0.92927,-0.247998,0
0.930842,-0.248179,0
0.932415,-0.248324,0
0.933987,-0.24845,0
0.935559,-0.248553,0
0.937132,-0.24863,0
0.938704,-0.248676,0
0.940276,-0.248685,0
0.941849,-0.248571,0
0.943421,-0.248312,0
0.944994,-0.247944,0
0.946566,-0.2475,0
0.948138,-0.247012,0
0.949711,-0.246516,0
0.951283,-0.24599,0
0.952855,-0.245354,0
0.954428,-0.244626,0
0.956,-0.243824,0
0.957573,-0.242968,0
0.959145,-0.242077,0
0.960717,-0.241163,0
0.96229,-0.240175,0
0.963862,-0.239112,0
0.965434,-0.237986,0
0.967007,-0.236809,0
0.968579,-0.235591,0
0.970151,-0.234344,0
0.971724,-0.233047,0
0.973296,-0.231688,0
0.974869,-0.230273,0
0.976441,-0.228812,0
0.978013,-0.227313,0
0.979586,-0.225782,0
0.981158,-0.22422,0
0.98273,-0.222605,0
0.984303,-0.220944,0
0.985875,-0.219243,0
0.987448,-0.217507,0
0.98902,-0.215742,0
0.990592,-0.213954,0
0.992165,-0.212127,0
0.993737,-0.210262,0
0.995309,-0.208362,0
0.996882,-0.206434,0
0.998454,-0.204481,0
1.00003,-0.202509,0
1.0016,-0.200512,0
1.00317,-0.198483,0
1.00474,-0.196427,0
1.00632,-0.194348,0
1.00789,-0.192249,0
1.00946,-0.190135,0
1.01103,-0.188006,0
1.01261,-0.185854,0
1.01418,-0.183681,0
1.01575,-0.18149,0
1.01732,-0.179285,0
1.01889,-0.177069,0
1.02047,-0.174846,0
1.02204,-0.172607,0
1.02361,-0.170354,0
1.02518,-0.168088,0
1.02676,-0.165813,0
1.02833,-0.163532,0
1.0299,-0.161247,0
1.03147,-0.158956,0
1.03305,-0.156656,0
1.03462,-0.154349,0
1.03619,-0.152037,0
1.03776,-0.149723,0
1.03934,-0.147409,0
1.04091,-0.145097,0
1.04248,-0.14278,0
1.04405,-0.140461,0
1.04563,-0.138142,0
1.0472,-0.135825,0
1.04877,-0.133511,0
1.05034,-0.131203,0
1.05191,-0.128897,0
1.05349,-0.126593,0
1.05506,-0.124292,0
1.05663,-0.121997,0
1.0582,-0.119708,0
1.05978,-0.117429,0
1.06135,-0.115157,0
1.06292,-0.11289,0
1.06449,-0.11063,0
1.06607,-0.108378,0
1.06764,-0.106136,0
1.06921,-0.103905,0
1.07078,-0.101687,0
1.07236,-0.0994765,0
1.07393,-0.0972757,0
1.0755,-0.0950855,0
1.07707,-0.0929073,0
1.07864,-0.0907424,0
1.08022,-0.0885923,0
1.08179,-0.0864545,0
1.08336,-0.0843282,0
1.08493,-0.0822143,0
1.08651,-0.0801143,0
1.08808,-0.0780292,0
1.08965,-0.0759602,0
1.09122,-0.0739069,0
1.0928,-0.0718668,0
1.09437,-0.0698408,0
1.09594,-0.0678298,0
1.09751,-0.0658349,0
1.09909,-0.0638572,0
1.10066,-0.0618972,0
1.10223,-0.0599522,0
1.1038,-0.0580223,0
1.10538,-0.0561084,0
1.10695,-0.0542114,0
1.10852,-0.0523321,0
1.11009,-0.0504715,0
1.11166,-0.0486278,0
1.11324,-0.0467999,0
1.11481,-0.0449885,0
1.11638,-0.0431944,0
1.11795,-0.0414184,0
1.11953,-0.0396612,0
1.1211,-0.0379225,0
1.12267,-0.0362001,0
1.12424,-0.0344945,0
1.12582,-0.0328064,0
1.12739,-0.0311363,0
1.12896,-0.0294851,0
1.13053,-0.027853,0
1.13211,-0.026238,0
1.13368,-0.0246397,0
1.13525,-0.0230588,0
1.13682,-0.0214958,0
1.13839,-0.0199514,0
1.13997,-0.0184261,0
1.14154,-0.0169188,0
1.14311,-0.015428,0
1.14468,-0.0139542,0
1.14626,-0.0124981,0
1.14783,-0.0110602,0
1.1494,-0.00964102,0
1.15097,-0.00824039,0
1.15255,-0.00685617,0
1.15412,-0.0054886,0
1.15569,-0.0041382,0
1.15726,-0.00280549,0
1.15884,-0.00149099,0
1.16041,-0.000195085,0
1.16198,0.0010842,0
1.16355,0.00234737,0
1.16513,0.00359393,0
1.1667,0.0048234,0
1.16827,0.00603527,0
1.16984,0.00722906,0
1.17141,0.00840571,0
1.17299,0.00956686,0
1.17456,0.010712,0
1.17613,0.0118408,0
1.1777,0.0129527,0
1.17928,0.0140472,0
1.18085,0.0151244,0
1.18242,0.0161865,0
1.18399,0.0172333,0
1.18557,0.0182644,0
1.18714,0.0192795,0
1.18871,0.020278,0
1.19028,0.0212596,0
1.19186,0.0222261,0
1.19343,0.0231781,0
1.195,0.0241153,0
1.19657,0.0250373,0
1.19814,0.0259437,0
1.19972,0.0268341,0
1.20129,0.0277091,0
1.20286,0.0285705,0
1.20443,0.029418,0
1.20601,0.0302512,0
1.20758,0.0310698,0
1.20915,0.0318735,0
1.21072,0.0326622,0
1.2123,0.0334378,0
1.21387,0.0342005,0
1.21544,0.0349498,0
1.21701,0.0356857,0
1.21859,0.0364078,0
1.22016,0.0371159,0
1.22173,0.0378112,0
1.2233,0.0384945,0
1.22488,0.0391656,0
1.22645,0.0398242,0
1.22802,0.0404704,0
1.22959,0.0411037,0
1.23116,0.0417246,0
1.23274,0.0423345,0
1.23431,0.0429333,0
1.23588,0.0435207,0
1.23745,0.0440968,0
1.23903,0.0446613,0
1.2406,0.0452142,0
1.24217,0.0457569,0
1.24374,0.0462894,0
1.24532,0.0468118,0
1.24689,0.0473239,0
1.24846,0.0478255,0
1.25003,0.0483165,0
1.25161,0.0487978,0
1.25318,0.0492701,0
1.25475,0.0497332,0
1.25632,0.050187,0
1.25789,0.0506314,0
1.25947,0.0510661,0
1.26104,0.0514915,0
1.26261,0.0519087,0
1.26418,0.0523178,0
1.26576,0.0527184,0
1.26733,0.0531104,0
1.2689,0.0534935,0
1.27047,0.0538676,0
1.27205,0.0542341,0
1.27362,0.0545933,0
1.27519,0.0549447,0
1.27676,0.0552882,0
1.27834,0.0556234,0
1.27991,0.0559499,0
1.28148,0.0562687,0
1.28305,0.0565809,0
1.28463,0.056886,0
1.2862,0.0571837,0
1.28777,0.0574734,0
1.28934,0.0577548,0
1.29091,0.0580279,0
1.29249,0.0582949,0
1.29406,0.0585553,0
1.29563,0.0588088,0
1.2972,0.0590546,0
1.29878,0.0592922,0
1.30035,0.0595211,0
1.30192,0.0597436,0
1.30349,0.0599602,0
1.30507,0.0601701,0
1.30664,0.0603728,0
1.30821,0.0605675,0
1.30978,0.0607534,0
1.31136,0.0609318,0
1.31293,0.061105,0
1.3145,0.0612721,0
1.31607,0.0614323,0
1.31764,0.0615849,0
1.31922,0.0617291,0
1.32079,0.0618647,0
1.32236,0.0619952,0
1.32393,0.0621206,0
1.32551,0.0622398,0
1.32708,0.0623519,0
1.32865,0.0624562,0
1.33022,0.0625516,0
1.3318,0.0626415,0
1.33337,0.0627275,0
1.33494,0.0628083,0
1.33651,0.0628831,0
1.33809,0.0629508,0
1.33966,0.0630103,0
1.34123,0.0630632,0
1.3428,0.0631138,0
1.34438,0.063161,0
1.34595,0.0632034,0
1.34752,0.0632398,0
1.34909,0.0632687,0
1.35066,0.0632896,0
1.35224,0.0633084,0
1.35381,0.0633258,0
1.35538,0.0633408,0
1.35695,0.0633525,0
1.35853,0.06336,0
1.3601,0.0633625,0
1.36167,0.0633607,0
1.36324,0.0633562,0
1.36482,0.0633495,0
1.36639,0.0633411,0
1.36796,0.0633316,0
1.36953,0.0633217,0
1.37111,0.0633106,0
1.37268,0.0632958,0
1.37425,0.0632781,0
1.37582,0.0632582,0
1.37739,0.0632372,0
1.37897,0.063216,0
1.38054,0.0631952,0
1.38211,0.0631735,0
1.38368,0.0631508,0
1.38526,0.0631272,0
1.38683,0.0631032,0
1.3884,0.063079,0
1.38997,0.0630549,0
1.39155,0.0630308,0
1.39312,0.0630064,0
1.39469,0.0629818,0
1.39626,0.0629571,0
1.39784,0.0629321,0
1.39941,0.0629071,0
1.40098,0.0628819,0
1.40255,0.0628567,0
1.40413,0.0628314,0
1.4057,0.0628059,0
1.40727,0.0627801,0
1.40884,0.0627539,0
1.41041,0.0627273,0
1.41199,0.0627003,0
1.41356,0.0626728,0
1.41513,0.062645,0
1.4167,0.0626169,0
1.41828,0.0625884,0
1.41985,0.0625597,0
1.42142,0.0625303,0
1.42299,0.0625001,0
1.42457,0.0624694,0
1.42614,0.0624387,0
1.42771,0.0624085,0
1.42928,0.0623792,0
1.43086,0.0623504,0
1.43243,0.06232,0
1.434,0.0622891,0
1.43557,0.0622595,0
1.43714,0.0622328,0
1.43872,0.0622108,0
1.44029,0.0621951,0
1.44186,0.062182,0
1.44343,0.0621697,0
1.44501,0.0621588,0
1.44658,0.0621501,0
1.44815,0.062144,0
1.44972,0.0621414,0
1.4513,0.0621462,0
1.45287,0.0621638,0
1.45444,0.0621922,0
1.45601,0.062229,0
1.45759,0.062272,0
1.45916,0.0623188,0
1.46073,0.0623696,0
1.4623,0.0624385,0
1.46388,0.0625257,0
1.46545,0.0626281,0
1.46702,0.0627426,0
1.46859,0.0628662,0
1.47016,0.0629959,0
1.47174,0.0631417,0
1.47331,0.0633092,0
1.47488,0.0634953,0
1.47645,0.0636969,0
1.47803,0.0639108,0
1.4796,0.0641339,0
1.48117,0.0643685,0
1.48274,0.0646249,0
1.48432,0.0649005,0
1.48589,0.0651917,0
1.48746,0.0654953,0
1.48903,0.0658077,0
1.49061,0.0661267,0
1.49218,0.0664613,0
1.49375,0.0668116,0
1.49532,0.0671745,0
1.49689,0.067547,0
1.49847,0.0679262,0
1.50004,0.0683091,0
1.50161,0.0686975,0
1.50318,0.0690943,0
1.50476,0.0694992,0
1.50633,0.0699119,0
1.5079,0.0703318,0
1.50947,0.0707586,0
1.51105,0.0711903,0
1.51262,0.0716236,0
1.51419,0.0720627,0
1.51576,0.0725125,0
1.51734,0.0729779,0
1.51891,0.0734636,0
1.52048,0.0739735,0
1.52205,0.0744975,0
1.52363,0.0750383,0
1.5252,0.0756044,0
1.52677,0.0762039,0
1.52834,0.0768454,0
1.52991,0.0775372,0
1.53149,0.0782859,0
1.53306,0.079095,0
1.53463,0.0799684,0
1.5362,0.0809101,0
1.53778,0.081924,0
1.53935,0.0830139,0
1.54092,0.0841927,0
1.54249,0.0854982,0
1.54407,0.0869294,0
1.54564,0.0884802,0
1.54721,0.0901447,0
1.54878,0.0919169,0
1.55036,0.0937928,0
1.55193,0.0958147,0
1.5535,0.0980063,0
1.55507,0.100372,0
1.55665,0.102916,0
1.55822,0.105643,0
1.55979,0.108557,0
1.56136,0.111637,0
1.56293,0.114899,0
1.56451,0.118433,0
1.56608,0.122333,0
1.56765,0.126691,0
1.56922,0.1316,0
1.5708,0.137341,0
