# 20250121_120102
# initdata:	Data/init_real_constfield_m600_20250121_105135/init00.csv
# freezeout file: 	./../../Mathematica/data/ExampleFreezeOutCorrected.csv
# particle mass:	0.390909
# NpT:	300
# pTmax:	3
# epsabs:	0
# epsrel:	1e-05
# integr iter:	10000
pT,abs2Re,abs2Im
0,1102.52,0
0.0100334,1086.76,0
0.0200669,1040.36,0
0.0301003,965.899,0
0.0401338,867.587,0
0.0501672,751.341,0
0.0602007,624.938,0
0.0702341,497.917,0
0.0802676,380.682,0
0.090301,282.545,0
0.100334,209.171,0
0.110368,160.633,0
0.120401,131.455,0
0.130435,113.129,0
0.140468,98.0728,0
0.150502,82.813,0
0.160535,68.4038,0
0.170569,57.8814,0
0.180602,52.7255,0
0.190635,51.0941,0
0.200669,49.1684,0
0.210702,44.3112,0
0.220736,37.1547,0
0.230769,30.7197,0
0.240803,27.4341,0
0.250836,26.8973,0
0.26087,26.4786,0
0.270903,24.022,0
0.280936,19.8713,0
0.29097,16.2282,0
0.301003,14.6847,0
0.311037,14.6202,0
0.32107,14.0884,0
0.331104,12.0449,0
0.341137,9.38618,0
0.351171,7.75294,0
0.361204,7.61914,0
0.371237,7.88506,0
0.381271,7.3051,0
0.391304,5.93513,0
0.401338,4.9034,0
0.411371,4.92454,0
0.421405,5.44527,0
0.431438,5.40244,0
0.441472,4.53872,0
0.451505,3.61977,0
0.461538,3.3811,0
0.471572,3.61985,0
0.481605,3.55069,0
0.491639,2.86393,0
0.501672,2.08314,0
0.511706,1.82877,0
0.521739,2.02839,0
0.531773,2.09377,0
0.541806,1.74477,0
0.551839,1.34327,0
0.561873,1.34043,0
0.571906,1.64659,0
0.58194,1.77353,0
0.591973,1.50223,0
0.602007,1.14309,0
0.61204,1.07142,0
0.622074,1.2203,0
0.632107,1.21679,0
0.64214,0.923112,0
0.652174,0.613041,0
0.662207,0.572119,0
0.672241,0.715285,0
0.682274,0.744288,0
0.692308,0.58161,0
0.702341,0.455846,0
0.712375,0.546692,0
0.722408,0.721023,0
0.732441,0.727349,0
0.742475,0.547321,0
0.752508,0.401703,0
0.762542,0.426945,0
0.772575,0.498713,0
0.782609,0.436892,0
0.792642,0.271617,0
0.802676,0.188623,0
0.812709,0.255989,0
0.822742,0.33824,0
0.832776,0.306352,0
0.842809,0.220512,0
0.852843,0.224097,0
0.862876,0.322224,0
0.87291,0.373656,0
0.882943,0.297335,0
0.892977,0.183496,0
0.90301,0.155826,0
0.913043,0.199003,0
0.923077,0.200403,0
0.93311,0.127614,0
0.943144,0.0726692,0
0.953177,0.107762,0
0.963211,0.177377,0
0.973244,0.184411,0
0.983278,0.13268,0
0.993311,0.112786,0
1.00334,0.160235,0
1.01338,0.20233,0
1.02341,0.167952,0
1.03344,0.0910721,0
1.04348,0.0574328,0
1.05351,0.0814963,0
1.06355,0.0972577,0
1.07358,0.0664831,0
1.08361,0.0352299,0
1.09365,0.0577143,0
1.10368,0.109807,0
1.11371,0.123751,0
1.12375,0.087775,0
1.13378,0.0593975,0
1.14381,0.0765746,0
1.15385,0.103254,0
1.16388,0.0877906,0
1.17391,0.0412435,0
1.18395,0.0185756,0
1.19398,0.0367748,0
1.20401,0.0552142,0
1.21405,0.042786,0
1.22408,0.0249438,0
1.23411,0.040347,0
1.24415,0.077458,0
1.25418,0.0891267,0
1.26421,0.0614915,0
1.27425,0.0323933,0
1.28428,0.0341656,0
1.29431,0.0491946,0
1.30435,0.0424207,0
1.31438,0.0166565,0
1.32441,0.00631535,0
1.33445,0.0232401,0
1.34448,0.0398395,0
1.35452,0.0332632,0
1.36455,0.0200241,0
1.37458,0.0281755,0
1.38462,0.0518488,0
1.39465,0.0586192,0
1.40468,0.0375268,0
1.41472,0.0143724,0
1.42475,0.0130134,0
1.43478,0.02294,0
1.44482,0.0204071,0
1.45485,0.00698689,0
1.46488,0.00561678,0
1.47492,0.0226752,0
1.48495,0.036586,0
1.49498,0.0302529,0
1.50502,0.0164133,0
1.51505,0.0172282,0
1.52508,0.0304333,0
1.53512,0.0336878,0
1.54515,0.0189515,0
1.55518,0.0038591,0
1.56522,0.0044455,0
1.57525,0.0126563,0
1.58528,0.0120363,0
1.59532,0.00477906,0
1.60535,0.00734113,0
1.61538,0.0225754,0
1.62542,0.0329467,0
1.63545,0.0257963,0
1.64548,0.0117715,0
1.65552,0.0085991,0
1.66555,0.0156034,0
1.67559,0.0171776,0
1.68562,0.00797376,0
1.69565,0.000428022,0
1.70569,0.0044867,0
1.71572,0.0124057,0
1.72575,0.0118691,0
1.73579,0.00571095,0
1.74582,0.00701166,0
1.75585,0.0176678,0
1.76589,0.0242247,0
1.77592,0.0174907,0
1.78595,0.00579926,0
1.79599,0.00225173,0
1.80602,0.00627649,0
1.81605,0.00715497,0
1.82609,0.0022299,0
1.83612,0.000669926,0
1.84615,0.00774143,0
1.85619,0.0153025,0
1.86622,0.0137677,0
1.87625,0.00673422,0
1.88629,0.00542776,0
1.89632,0.0116433,0
1.90635,0.0153419,0
1.91639,0.0100288,0
1.92642,0.00206205,0
1.93645,0.00042835,0
1.94649,0.00374917,0
1.95652,0.00427699,0
1.96656,0.00126268,0
1.97659,0.00198288,0
1.98662,0.00913311,0
1.99666,0.0150856,0
2.00669,0.0125421,0
2.01672,0.00526545,0
2.02676,0.00244476,0
2.03679,0.0055046,0
2.04682,0.00727,0
2.05686,0.00381395,0
2.06689,0.000185592,0
2.07692,0.00177563,0
2.08696,0.00568054,0
2.09699,0.0056735,0
2.10702,0.00244328,0
2.11706,0.00261287,0
2.12709,0.00802179,0
2.13712,0.0121585,0
2.14716,0.00943714,0
2.15719,0.00315746,0
2.16722,0.000339759,0
2.17726,0.00183034,0
2.18729,0.00261521,0
2.19732,0.000758551,0
2.20736,0.0003356,0
2.21739,0.00408289,0
2.22742,0.00806322,0
2.23746,0.00722285,0
2.24749,0.00321041,0
2.25753,0.00208811,0
2.26756,0.00530772,0
2.27759,0.00772192,0
2.28763,0.00542558,0
2.29766,0.00128599,0
2.30769,0.000132567,0
2.31773,0.0016559,0
2.32776,0.00193377,0
2.33779,0.000434952,0
2.34783,0.000940292,0
2.35786,0.00496283,0
2.36789,0.00839559,0
2.37793,0.00706047,0
2.38796,0.00278143,0
2.39799,0.000707262,0
2.40803,0.00205957,0
2.41806,0.00320615,0
2.42809,0.00184996,0
2.43813,0.000368396,0
2.44816,0.00145207,0
2.45819,0.00349732,0
2.46823,0.00323232,0
2.47826,0.00123463,0
2.48829,0.00131486,0
2.49833,0.00451089,0
2.50836,0.00705755,0
2.51839,0.00562417,0
2.52843,0.00194331,0
2.53846,4.32234e-05,0
2.54849,0.000634546,0
2.55853,0.00108723,0
2.56856,0.000313034,0
2.5786,0.000435891,0
2.58863,0.0027824,0
2.59866,0.00500636,0
2.6087,0.00428351,0
2.61873,0.00168993,0
2.62876,0.000810847,0
2.6388,0.00255856,0
2.64883,0.00403287,0
2.65886,0.00297235,0
2.6689,0.000883823,0
2.67893,0.000348505,0
2.68896,0.00111435,0
2.699,0.00107675,0
2.70903,0.000181816,0
2.71906,0.000700712,0
2.7291,0.00333452,0
2.73913,0.00545165,0
2.74916,0.00453356,0
2.7592,0.00173805,0
2.76923,0.000221491,0
2.77926,0.000829942,0
2.7893,0.00154449,0
2.79933,0.00104122,0
2.80936,0.000558644,0
2.8194,0.00140362,0
2.82943,0.00249041,0
2.83946,0.00203686,0
2.8495,0.00065976,0
2.85953,0.000720327,0
2.86957,0.00271186,0
2.8796,0.00426389,0
2.88963,0.00340236,0
2.89967,0.00121053,0
2.9097,5.2189e-05,0
2.91973,0.000301485,0
2.92977,0.000480859,0
2.9398,0.000117829,0
2.94983,0.000501593,0
2.95987,0.00220192,0
2.9699,0.00357207,0
2.97993,0.00291222,0
2.98997,0.00105883,0
3,0.00032474,0
