# 20250121_121902
q,primespecRe,primespecIm
0,904.283,0
0.003003,902.822,0
0.00600601,901.413,0
0.00900901,899.615,0
0.012012,896.773,0
0.015015,892.24,0
0.018018,886.601,0
0.021021,880.424,0
0.024024,873.085,0
0.027027,864.596,0
0.03003,855.332,0
0.033033,845.146,0
0.036036,833.792,0
0.039039,821.555,0
0.042042,808.548,0
0.045045,794.441,0
0.048048,779.441,0
0.0510511,763.764,0
0.0540541,747.168,0
0.0570571,729.74,0
0.0600601,711.726,0
0.0630631,693.081,0
0.0660661,673.732,0
0.0690691,653.938,0
0.0720721,633.832,0
0.0750751,613.249,0
0.0780781,592.422,0
0.0810811,571.58,0
0.0840841,550.589,0
0.0870871,529.583,0
0.0900901,508.82,0
0.0930931,488.303,0
0.0960961,468,0
0.0990991,448.16,0
0.102102,428.911,0
0.105105,410.107,0
0.108108,391.93,0
0.111111,374.552,0
0.114114,357.838,0
0.117117,341.834,0
0.12012,326.683,0
0.123123,312.361,0
0.126126,298.762,0
0.129129,285.958,0
0.132132,273.976,0
0.135135,262.696,0
0.138138,252.097,0
0.141141,242.17,0
0.144144,232.87,0
0.147147,224.123,0
0.15015,215.866,0
0.153153,208.071,0
0.156156,200.711,0
0.159159,193.706,0
0.162162,186.999,0
0.165165,180.603,0
0.168168,174.478,0
0.171171,168.578,0
0.174174,162.888,0
0.177177,157.418,0
0.18018,152.173,0
0.183183,147.131,0
0.186186,142.28,0
0.189189,137.674,0
0.192192,133.339,0
0.195195,129.203,0
0.198198,125.321,0
0.201201,121.758,0
0.204204,118.446,0
0.207207,115.374,0
0.21021,112.596,0
0.213213,110.109,0
0.216216,107.838,0
0.219219,105.782,0
0.222222,103.943,0
0.225225,102.296,0
0.228228,100.779,0
0.231231,99.333,0
0.234234,97.9867,0
0.237237,96.7081,0
0.24024,95.4128,0
0.243243,94.0693,0
0.246246,92.7133,0
0.249249,91.3045,0
0.252252,89.8046,0
0.255255,88.2099,0
0.258258,86.5423,0
0.261261,84.8223,0
0.264264,83.018,0
0.267267,81.1531,0
0.27027,79.2915,0
0.273273,77.4457,0
0.276276,75.5876,0
0.279279,73.7925,0
0.282282,72.1153,0
0.285285,70.5002,0
0.288288,68.9869,0
0.291291,67.634,0
0.294294,66.4144,0
0.297297,65.3017,0
0.3003,64.3143,0
0.303303,63.4609,0
0.306306,62.7076,0
0.309309,62.014,0
0.312312,61.3511,0
0.315315,60.7473,0
0.318318,60.1592,0
0.321321,59.5281,0
0.324324,58.8511,0
0.327327,58.1374,0
0.33033,57.3676,0
0.333333,56.5171,0
0.336336,55.5792,0
0.339339,54.5864,0
0.342342,53.5624,0
0.345345,52.4699,0
0.348348,51.3518,0
0.351351,50.2673,0
0.354354,49.197,0
0.357357,48.146,0
0.36036,47.1787,0
0.363363,46.3172,0
0.366366,45.5125,0
0.369369,44.8036,0
0.372372,44.2258,0
0.375375,43.736,0
0.378378,43.3132,0
0.381381,42.9515,0
0.384384,42.6574,0
0.387387,42.4051,0
0.39039,42.1461,0
0.393393,41.8534,0
0.396396,41.5492,0
0.399399,41.2109,0
0.402402,40.8116,0
0.405405,40.3229,0
0.408408,39.7636,0
0.411411,39.161,0
0.414414,38.4909,0
0.417417,37.753,0
0.42042,37.0027,0
0.423423,36.2634,0
0.426426,35.5024,0
0.429429,34.7749,0
0.432432,34.1308,0
0.435435,33.5267,0
0.438438,32.9818,0
0.441441,32.5419,0
0.444444,32.1946,0
0.447447,31.8992,0
0.45045,31.6611,0
0.453453,31.485,0
0.456456,31.3543,0
0.459459,31.2317,0
0.462462,31.0824,0
0.465465,30.9161,0
0.468468,30.7276,0
0.471471,30.4995,0
0.474474,30.1968,0
0.477477,29.814,0
0.48048,29.3838,0
0.483483,28.9166,0
0.486486,28.3757,0
0.489489,27.8071,0
0.492492,27.2564,0
0.495495,26.6922,0
0.498498,26.141,0
0.501502,25.6557,0
0.504505,25.2308,0
0.507508,24.8417,0
0.510511,24.528,0
0.513514,24.3108,0
0.516517,24.1392,0
0.51952,24.0021,0
0.522523,23.8961,0
0.525526,23.8235,0
0.528529,23.7618,0
0.531532,23.6814,0
0.534535,23.5589,0
0.537538,23.3945,0
0.540541,23.1932,0
0.543544,22.9465,0
0.546547,22.6139,0
0.54955,22.2293,0
0.552553,21.8301,0
0.555556,21.3848,0
0.558559,20.9136,0
0.561562,20.4662,0
0.564565,20.045,0
0.567568,19.6339,0
0.570571,19.2792,0
0.573574,19.0075,0
0.576577,18.7701,0
0.57958,18.5809,0
0.582583,18.4625,0
0.585586,18.3935,0
0.588589,18.3417,0
0.591592,18.2868,0
0.594595,18.224,0
0.597598,18.1605,0
0.600601,18.0809,0
0.603604,17.963,0
0.606607,17.7724,0
0.60961,17.5319,0
0.612613,17.2683,0
0.615616,16.9487,0
0.618619,16.5849,0
0.621622,16.221,0
0.624625,15.8628,0
0.627628,15.4949,0
0.630631,15.1624,0
0.633634,14.8937,0
0.636637,14.6468,0
0.63964,14.4453,0
0.642643,14.323,0
0.645646,14.2498,0
0.648649,14.1955,0
0.651652,14.1557,0
0.654655,14.129,0
0.657658,14.1118,0
0.660661,14.0907,0
0.663664,14.0465,0
0.666667,13.9443,0
0.66967,13.7997,0
0.672673,13.6348,0
0.675676,13.4163,0
0.678679,13.1482,0
0.681682,12.8702,0
0.684685,12.5905,0
0.687688,12.2916,0
0.690691,12.0153,0
0.693694,11.7901,0
0.696697,11.5771,0
0.6997,11.4034,0
0.702703,11.3089,0
0.705706,11.2599,0
0.708709,11.2242,0
0.711712,11.2074,0
0.714715,11.213,0
0.717718,11.2316,0
0.720721,11.2486,0
0.723724,11.2463,0
0.726727,11.1975,0
0.72973,11.1146,0
0.732733,11.0167,0
0.735736,10.8695,0
0.738739,10.6708,0
0.741742,10.4595,0
0.744745,10.247,0
0.747748,10.0134,0
0.750751,9.7966,0
0.753754,9.62472,0
0.756757,9.45851,0
0.75976,9.3269,0
0.762763,9.27535,0
0.765766,9.27116,0
0.768769,9.26843,0
0.771772,9.26723,0
0.774775,9.28071,0
0.777778,9.32535,0
0.780781,9.36799,0
0.783784,9.37468,0
0.786787,9.34304,0
0.78979,9.28652,0
0.792793,9.21678,0
0.795796,9.10046,0
0.798799,8.93238,0
0.801802,8.7518,0
0.804805,8.57436,0
0.807808,8.37837,0
0.810811,8.1978,0
0.813814,8.06091,0
0.816817,7.93377,0
0.81982,7.83338,0
0.822823,7.79401,0
0.825826,7.79756,0
0.828829,7.80619,0
0.831832,7.81754,0
0.834835,7.83435,0
0.837838,7.86309,0
0.840841,7.88808,0
0.843844,7.89071,0
0.846847,7.8472,0
0.84985,7.76988,0
0.852853,7.67887,0
0.855856,7.55343,0
0.858859,7.38504,0
0.861862,7.20909,0
0.864865,7.04186,0
0.867868,6.86315,0
0.870871,6.70307,0
0.873874,6.58881,0
0.876877,6.48999,0
0.87988,6.41275,0
0.882883,6.38082,0
0.885886,6.38743,0
0.888889,6.40117,0
0.891892,6.41174,0
0.894895,6.41269,0
0.897898,6.4122,0
0.900901,6.41128,0
0.903904,6.40619,0
0.906907,6.34619,0
0.90991,6.24161,0
0.912913,6.12581,0
0.915916,5.99312,0
0.918919,5.83198,0
0.921922,5.67359,0
0.924925,5.53294,0
0.927928,5.38918,0
0.930931,5.2708,0
0.933934,5.20608,0
0.936937,5.16502,0
0.93994,5.13545,0
0.942943,5.12323,0
0.945946,5.1397,0
0.948949,5.17689,0
0.951952,5.20691,0
0.954955,5.2093,0
0.957958,5.2021,0
0.960961,5.1894,0
0.963964,5.17004,0
0.966967,5.10356,0
0.96997,4.99956,0
0.972973,4.88976,0
0.975976,4.77514,0
0.978979,4.64608,0
0.981982,4.53192,0
0.984985,4.44889,0
0.987988,4.37203,0
0.990991,4.31645,0
0.993994,4.30149,0
0.996997,4.31506,0
1,4.34037,0
1.003,4.36878,0
1.00601,4.40447,0
1.00901,4.45026,0
1.01201,4.4834,0
1.01502,4.48443,0
1.01802,4.46274,0
1.02102,4.42727,0
1.02402,4.38383,0
1.02703,4.30521,0
1.03003,4.20041,0
1.03303,4.09829,0
1.03604,4.00178,0
1.03904,3.90128,0
1.04204,3.82594,0
1.04505,3.79442,0
1.04805,3.77437,0
1.05105,3.76145,0
1.05405,3.75869,0
1.05706,3.78717,0
1.06006,3.83331,0
1.06306,3.86532,0
1.06607,3.87149,0
1.06907,3.8755,0
1.07207,3.87766,0
1.07508,3.86932,0
1.07808,3.81134,0
1.08108,3.72472,0
1.08408,3.63809,0
1.08709,3.53837,0
1.09009,3.42969,0
1.09309,3.33653,0
1.0961,3.26214,0
1.0991,3.19178,0
1.1021,3.14602,0
1.10511,3.13968,0
1.10811,3.14634,0
1.11111,3.15705,0
1.11411,3.16896,0
1.11712,3.18865,0
1.12012,3.21184,0
1.12312,3.22574,0
1.12613,3.21665,0
1.12913,3.18308,0
1.13213,3.13618,0
1.13514,3.08199,0
1.13814,2.99968,0
1.14114,2.9058,0
1.14414,2.82234,0
1.14715,2.73784,0
1.15015,2.65833,0
1.15315,2.61088,0
1.15616,2.60103,0
1.15916,2.59513,0
1.16216,2.5919,0
1.16517,2.59583,0
1.16817,2.63042,0
1.17117,2.67405,0
1.17417,2.69472,0
1.17718,2.69696,0
1.18018,2.69845,0
1.18318,2.69911,0
1.18619,2.68404,0
1.18919,2.62992,0
1.19219,2.56135,0
1.1952,2.49866,0
1.1982,2.42552,0
1.2012,2.35673,0
1.2042,2.31442,0
1.20721,2.29116,0
1.21021,2.27334,0
1.21321,2.26432,0
1.21622,2.27285,0
1.21922,2.30587,0
1.22222,2.3453,0
1.22523,2.37343,0
1.22823,2.39906,0
1.23123,2.42008,0
1.23423,2.42832,0
1.23724,2.4121,0
1.24024,2.37479,0
1.24324,2.32902,0
1.24625,2.27691,0
1.24925,2.20633,0
1.25225,2.13642,0
1.25526,2.08329,0
1.25826,2.03331,0
1.26126,1.9932,0
1.26426,1.97716,0
1.26727,1.98238,0
1.27027,1.9947,0
1.27327,2.00973,0
1.27628,2.02718,0
1.27928,2.05214,0
1.28228,2.073,0
1.28529,2.07702,0
1.28829,2.06236,0
1.29129,2.03583,0
1.29429,2.00393,0
1.2973,1.95559,0
1.3003,1.88887,0
1.3033,1.82299,0
1.30631,1.76546,0
1.30931,1.70397,0
1.31231,1.65861,0
1.31532,1.64763,0
1.31832,1.648,0
1.32132,1.6488,0
1.32432,1.65001,0
1.32733,1.66669,0
1.33033,1.70045,0
1.33333,1.72684,0
1.33634,1.72918,0
1.33934,1.72702,0
1.34234,1.72315,0
1.34535,1.7161,0
1.34835,1.68272,0
1.35135,1.63166,0
1.35435,1.58252,0
1.35736,1.53346,0
1.36036,1.4816,0
1.36336,1.44846,0
1.36637,1.44479,0
1.36937,1.44462,0
1.37237,1.44453,0
1.37538,1.44589,0
1.37838,1.4702,0
1.38138,1.50857,0
1.38438,1.53829,0
1.38739,1.55275,0
1.39039,1.56477,0
1.39339,1.57173,0
1.3964,1.56707,0
1.3994,1.5386,0
1.4024,1.49847,0
1.40541,1.45947,0
1.40841,1.41196,0
1.41141,1.36325,0
1.41441,1.32935,0
1.41742,1.31137,0
1.42042,1.29694,0
1.42342,1.2887,0
1.42643,1.29141,0
1.42943,1.31098,0
1.43243,1.33595,0
1.43544,1.35289,0
1.43844,1.36502,0
1.44144,1.37495,0
1.44444,1.37965,0
1.44745,1.36932,0
1.45045,1.33918,0
1.45345,1.3013,0
1.45646,1.2625,0
1.45946,1.21227,0
1.46246,1.16304,0
1.46547,1.12813,0
1.46847,1.10013,0
1.47147,1.07742,0
1.47447,1.06656,0
1.47748,1.07138,0
1.48048,1.08614,0
1.48348,1.1037,0
1.48649,1.11872,0
1.48949,1.13602,0
1.49249,1.15057,0
1.4955,1.15513,0
1.4985,1.1453,0
1.5015,1.1256,0
1.5045,1.10214,0
1.50751,1.07235,0
1.51051,1.03191,0
1.51351,0.995008,0
1.51652,0.97132,0
1.51952,0.951201,0
1.52252,0.936548,0
1.52553,0.932108,0
1.52853,0.942711,0
1.53153,0.963467,0
1.53453,0.985942,0
1.53754,1.00825,0
1.54054,1.03481,0
1.54354,1.05447,0
1.54655,1.05711,0
1.54955,1.0511,0
1.55255,1.04072,0
1.55556,1.02775,0
1.55856,1.00138,0
1.56156,0.965134,0
1.56456,0.93268,0
1.56757,0.908436,0
1.57057,0.885193,0
1.57357,0.869718,0
1.57658,0.86805,0
1.57958,0.876414,0
1.58258,0.889554,0
1.58559,0.902987,0
1.58859,0.920482,0
1.59159,0.939941,0
1.59459,0.951714,0
1.5976,0.949719,0
1.6006,0.939978,0
1.6036,0.925625,0
1.60661,0.907405,0
1.60961,0.874393,0
1.61261,0.835514,0
1.61562,0.802534,0
1.61862,0.771412,0
1.62162,0.74268,0
1.62462,0.726732,0
1.62763,0.726872,0
1.63063,0.730821,0
1.63363,0.736702,0
1.63664,0.744465,0
1.63964,0.760748,0
1.64264,0.778336,0
1.64565,0.786026,0
1.64865,0.783391,0
1.65165,0.77693,0
1.65465,0.76797,0
1.65766,0.752858,0
1.66066,0.724697,0
1.66366,0.694636,0
1.66667,0.671765,0
1.66967,0.649713,0
1.67267,0.631819,0
1.67568,0.624734,0
1.67868,0.629378,0
1.68168,0.640336,0
1.68468,0.653961,0
1.68769,0.670621,0
1.69069,0.695396,0
1.69369,0.716544,0
1.6967,0.721645,0
1.6997,0.721512,0
1.7027,0.721226,0
1.70571,0.720788,0
1.70871,0.708859,0
1.71171,0.683491,0
1.71471,0.657687,0
1.71772,0.637942,0
1.72072,0.617557,0
1.72372,0.602706,0
1.72673,0.599567,0
1.72973,0.60428,0
1.73273,0.612645,0
1.73574,0.622232,0
1.73874,0.636692,0
1.74174,0.6556,0
1.74474,0.668769,0
1.74775,0.669312,0
1.75075,0.665805,0
1.75375,0.660001,0
1.75676,0.65171,0
1.75976,0.63008,0
1.76276,0.600761,0
1.76577,0.574115,0
1.76877,0.549168,0
1.77177,0.524334,0
1.77477,0.509095,0
1.77778,0.507953,0
1.78078,0.50977,0
1.78378,0.512771,0
1.78679,0.517054,0
1.78979,0.529404,0
1.79279,0.544807,0
1.7958,0.553105,0
1.7988,0.552041,0
1.8018,0.548772,0
1.8048,0.543891,0
1.80781,0.534999,0
1.81081,0.514503,0
1.81381,0.490916,0
1.81682,0.472498,0
1.81982,0.455067,0
1.82282,0.440178,0
1.82583,0.433265,0
1.82883,0.436165,0
1.83183,0.444456,0
1.83483,0.455262,0
1.83784,0.467908,0
1.84084,0.487549,0
1.84384,0.505715,0
1.84685,0.511651,0
1.84985,0.511941,0
1.85285,0.512122,0
1.85586,0.512191,0
1.85886,0.504905,0
1.86186,0.485866,0
1.86486,0.465547,0
1.86787,0.45061,0
1.87087,0.435586,0
1.87387,0.42411,0
1.87688,0.420855,0
1.87988,0.424865,0
1.88288,0.432557,0
1.88589,0.441396,0
1.88889,0.452639,0
1.89189,0.467585,0
1.89489,0.478788,0
1.8979,0.479958,0
1.9009,0.476783,0
1.9039,0.471351,0
1.90691,0.464241,0
1.90991,0.447675,0
1.91291,0.42469,0
1.91592,0.403674,0
1.91892,0.385941,0
1.92192,0.368239,0
1.92492,0.356687,0
1.92793,0.355431,0
1.93093,0.35849,0
1.93393,0.363414,0
1.93694,0.369069,0
1.93994,0.379165,0
1.94294,0.391325,0
1.94595,0.398592,0
1.94895,0.397798,0
1.95195,0.394283,0
1.95495,0.389055,0
1.95796,0.381458,0
1.96096,0.365437,0
1.96396,0.347246,0
1.96697,0.333944,0
1.96997,0.323559,0
1.97297,0.314816,0
1.97598,0.310361,0
1.97898,0.313011,0
1.98198,0.322356,0
1.98498,0.334439,0
1.98799,0.346075,0
1.99099,0.361301,0
1.99399,0.375353,0
1.997,0.380676,0
2,0.379688,0
2.003,0.377338,0
2.00601,0.373978,0
2.00901,0.366253,0
2.01201,0.350456,0
2.01502,0.334319,0
2.01802,0.32363,0
2.02102,0.314339,0
2.02402,0.307254,0
2.02703,0.304777,0
2.03003,0.308823,0
2.03303,0.317213,0
2.03604,0.32632,0
2.03904,0.334615,0
2.04204,0.344221,0
2.04505,0.351462,0
2.04805,0.352377,0
2.05105,0.347338,0
2.05405,0.33883,0
2.05706,0.329053,0
2.06006,0.314036,0
2.06306,0.295106,0
2.06607,0.278893,0
2.06907,0.267703,0
2.07207,0.257495,0
2.07508,0.250707,0
2.07808,0.249845,0
2.08108,0.25465,0
2.08408,0.262268,0
2.08709,0.269593,0
2.09009,0.277285,0
2.09309,0.285444,0
2.0961,0.290486,0
2.0991,0.289564,0
2.1021,0.284393,0
2.10511,0.277089,0
2.10811,0.268863,0
2.11111,0.255465,0
2.11411,0.241876,0
2.11712,0.234469,0
2.12012,0.232115,0
2.12312,0.230428,0
2.12613,0.229594,0
2.12913,0.232177,0
2.13213,0.243017,0
2.13514,0.256902,0
2.13814,0.267636,0
2.14114,0.277948,0
2.14414,0.286902,0
2.14715,0.290765,0
2.15015,0.288394,0
2.15315,0.282549,0
2.15616,0.27519,0
2.15916,0.266091,0
2.16216,0.252539,0
2.16517,0.240438,0
2.16817,0.234766,0
2.17117,0.231745,0
2.17417,0.229652,0
2.17718,0.228844,0
2.18018,0.232867,0
2.18318,0.242086,0
2.18619,0.251057,0
2.18919,0.255634,0
2.19219,0.259309,0
2.1952,0.261813,0
2.1982,0.261971,0
2.2012,0.255001,0
2.2042,0.243251,0
2.20721,0.231158,0
2.21021,0.217585,0
2.21321,0.202342,0
2.21622,0.191328,0
2.21922,0.187248,0
2.22222,0.184623,0
2.22523,0.183,0
2.22823,0.182951,0
2.23123,0.188785,0
2.23423,0.19818,0
2.23724,0.205706,0
2.24024,0.209638,0
2.24324,0.212988,0
2.24625,0.214954,0
2.24925,0.213801,0
2.25225,0.206898,0
2.25526,0.197732,0
2.25826,0.189703,0
2.26126,0.180651,0
2.26426,0.172301,0
2.26727,0.168264,0
2.27027,0.169443,0
2.27327,0.173016,0
2.27628,0.177938,0
2.27928,0.184303,0
2.28228,0.195253,0
2.28529,0.206823,0
2.28829,0.213399,0
2.29129,0.217004,0
2.29429,0.219672,0
2.2973,0.22085,0
2.3003,0.217545,0
2.3033,0.208523,0
2.30631,0.198344,0
2.30931,0.18967,0
2.31231,0.17978,0
2.31532,0.171915,0
2.31832,0.169534,0
2.32132,0.170645,0
2.32432,0.172916,0
2.32733,0.175797,0
2.33033,0.180708,0
2.33333,0.188465,0
2.33634,0.194669,0
2.33934,0.195432,0
2.34234,0.194037,0
2.34535,0.1916,0
2.34835,0.188328,0
2.35135,0.179758,0
2.35435,0.167618,0
2.35736,0.15667,0
2.36036,0.147735,0
2.36336,0.138946,0
2.36637,0.133254,0
2.36937,0.132771,0
2.37237,0.135394,0
2.37538,0.13955,0
2.37838,0.144075,0
2.38138,0.151007,0
2.38438,0.159115,0
2.38739,0.163988,0
2.39039,0.163881,0
2.39339,0.16291,0
2.3964,0.161386,0
2.3994,0.15863,0
2.4024,0.150967,0
2.40541,0.142335,0
2.40841,0.137103,0
2.41141,0.134242,0
2.41441,0.132045,0
2.41742,0.130975,0
2.42042,0.133036,0
2.42342,0.140066,0
2.42643,0.148846,0
2.42943,0.156118,0
2.43243,0.164101,0
2.43544,0.171051,0
2.43844,0.173639,0
2.44144,0.172155,0
2.44444,0.168848,0
2.44745,0.164594,0
2.45045,0.158272,0
2.45345,0.148339,0
2.45646,0.13911,0
2.45946,0.133591,0
2.46246,0.129266,0
2.46547,0.126108,0
2.46847,0.125018,0
2.47147,0.127562,0
2.47447,0.132684,0
2.47748,0.137677,0
2.48048,0.140894,0
2.48348,0.143928,0
2.48649,0.146022,0
2.48949,0.145957,0
2.49249,0.141472,0
2.4955,0.134439,0
2.4985,0.127326,0
2.5015,0.118279,0
2.5045,0.10852,0
2.50751,0.102366,0
2.51051,0.101078,0
2.51351,0.100366,0
2.51652,0.0999663,0
2.51952,0.100408,0
2.52252,0.105653,0
2.52553,0.11368,0
2.52853,0.120152,0
2.53153,0.124491,0
2.53453,0.12836,0
2.53754,0.13056,0
2.54054,0.129693,0
2.54354,0.125672,0
2.54655,0.120546,0
2.54955,0.115921,0
2.55255,0.110289,0
2.55556,0.105255,0
2.55856,0.103128,0
2.56156,0.104271,0
2.56456,0.107109,0
2.56757,0.110819,0
2.57057,0.115676,0
2.57357,0.123491,0
2.57658,0.130978,0
2.57958,0.134117,0
2.58258,0.135425,0
2.58559,0.1363,0
2.58859,0.136624,0
2.59159,0.133176,0
2.59459,0.125376,0
2.5976,0.117117,0
2.6006,0.110035,0
2.6036,0.102135,0
2.60661,0.0962825,0
2.60961,0.0948782,0
2.61261,0.0954465,0
2.61562,0.0965422,0
2.61862,0.0979529,0
2.62162,0.101055,0
2.62462,0.105912,0
2.62763,0.109566,0
2.63063,0.109692,0
2.63363,0.108364,0
2.63664,0.106229,0
2.63964,0.103419,0
2.64264,0.0970971,0
2.64565,0.0893275,0
2.64865,0.0832819,0
2.65165,0.0790789,0
2.65465,0.0753889,0
2.65766,0.0732331,0
2.66066,0.0737458,0
2.66366,0.0774918,0
2.66667,0.0828751,0
2.66967,0.0879742,0
2.67267,0.094145,0
2.67568,0.100386,0
2.67868,0.103589,0
2.68168,0.103339,0
2.68468,0.102509,0
2.68769,0.101276,0
2.69069,0.0989027,0
2.69369,0.0932575,0
2.6967,0.0876972,0
2.6997,0.0853047,0
2.7027,0.0844796,0
2.70571,0.0839203,0
2.70871,0.0836909,0
2.71171,0.0857368,0
2.71471,0.0912975,0
2.71772,0.097498,0
2.72072,0.101651,0
2.72372,0.105528,0
2.72673,0.1085,0
2.72973,0.109292,0
2.73273,0.106795,0
2.73574,0.102131,0
2.73874,0.096919,0
2.74174,0.0905833,0
2.74474,0.0827358,0
2.74775,0.0765258,0
2.75075,0.0735952,0
2.75375,0.0715432,0
2.75676,0.0701845,0
2.75976,0.0698753,0
2.76276,0.07235,0
2.76577,0.0766553,0
2.76877,0.0802153,0
2.77177,0.081811,0
2.77477,0.0831148,0
2.77778,0.0838979,0
2.78078,0.0833976,0
2.78378,0.0795705,0
2.78679,0.074345,0
2.78979,0.069805,0
2.79279,0.0649438,0
2.7958,0.0604112,0
2.7988,0.0580691,0
2.8018,0.0586177,0
2.8048,0.0606596,0
2.80781,0.063538,0
2.81081,0.0670111,0
2.81381,0.072806,0
2.81682,0.0791707,0
2.81982,0.083016,0
2.82282,0.0849702,0
2.82583,0.0864425,0
2.82883,0.0871422,0
2.83183,0.0857567,0
2.83483,0.0814587,0
2.83784,0.076679,0
2.84084,0.0730979,0
2.84384,0.0694907,0
2.84685,0.0666332,0
2.84985,0.0656603,0
2.85285,0.0669823,0
2.85586,0.0697284,0
2.85886,0.0728728,0
2.86186,0.0762283,0
2.86486,0.0805269,0
2.86787,0.0839016,0
2.87087,0.0844143,0
2.87387,0.0831992,0
2.87688,0.0810874,0
2.87988,0.0784937,0
2.88288,0.0734488,0
2.88589,0.0667198,0
2.88889,0.0609358,0
2.89189,0.0567925,0
2.89489,0.0529496,0
2.8979,0.0504344,0
2.9009,0.0501619,0
2.9039,0.051945,0
2.90691,0.0547727,0
2.90991,0.0575157,0
2.91291,0.060479,0
2.91592,0.0636445,0
2.91892,0.0655864,0
2.92192,0.065261,0
2.92492,0.0635776,0
2.92793,0.0612531,0
2.93093,0.0586234,0
2.93393,0.0542503,0
2.93694,0.0501241,0
2.93994,0.0484474,0
2.94294,0.0487005,0
2.94595,0.0493532,0
2.94895,0.0503183,0
2.95195,0.052436,0
2.95495,0.0573908,0
2.95796,0.06324,0
2.96096,0.0673521,0
2.96396,0.070861,0
2.96697,0.0737164,0
2.96997,0.0748632,0
2.97297,0.0735776,0
2.97598,0.0706603,0
2.97898,0.0672828,0
2.98198,0.0635614,0
2.98498,0.0586405,0
2.98799,0.0548716,0
2.99099,0.0540173,0
2.99399,0.0542403,0
2.997,0.0545991,0
3,0.0549429,0
