# 20250122_110626
alpha,field0Re,field0Im
0,0.0560118,0
0.00157237,0.0560124,0
0.00314474,0.0560131,0
0.00471711,0.0560139,0
0.00628947,0.0560145,0
0.00786184,0.0560151,0
0.00943421,0.0560154,0
0.0110066,0.0560156,0
0.0125789,0.0560158,0
0.0141513,0.0560159,0
0.0157237,0.056016,0
0.0172961,0.0560161,0
0.0188684,0.0560161,0
0.0204408,0.0560161,0
0.0220132,0.056016,0
0.0235855,0.0560159,0
0.0251579,0.0560157,0
0.0267303,0.0560155,0
0.0283026,0.0560153,0
0.029875,0.0560151,0
0.0314474,0.0560149,0
0.0330197,0.0560146,0
0.0345921,0.0560143,0
0.0361645,0.056014,0
0.0377368,0.0560137,0
0.0393092,0.0560133,0
0.0408816,0.056013,0
0.042454,0.0560126,0
0.0440263,0.0560123,0
0.0455987,0.0560119,0
0.0471711,0.0560115,0
0.0487434,0.0560111,0
0.0503158,0.0560107,0
0.0518882,0.0560103,0
0.0534605,0.0560099,0
0.0550329,0.0560095,0
0.0566053,0.0560091,0
0.0581776,0.0560086,0
0.05975,0.0560082,0
0.0613224,0.0560077,0
0.0628947,0.0560073,0
0.0644671,0.0560068,0
0.0660395,0.0560063,0
0.0676119,0.0560058,0
0.0691842,0.0560053,0
0.0707566,0.0560048,0
0.072329,0.0560043,0
0.0739013,0.0560038,0
0.0754737,0.0560032,0
0.0770461,0.0560027,0
0.0786184,0.0560021,0
0.0801908,0.0560016,0
0.0817632,0.056001,0
0.0833355,0.0560004,0
0.0849079,0.0559998,0
0.0864803,0.0559992,0
0.0880526,0.0559985,0
0.089625,0.0559979,0
0.0911974,0.0559972,0
0.0927698,0.0559965,0
0.0943421,0.0559958,0
0.0959145,0.0559951,0
0.0974869,0.0559944,0
0.0990592,0.0559937,0
0.100632,0.0559929,0
0.102204,0.0559922,0
0.103776,0.0559914,0
0.105349,0.0559906,0
0.106921,0.0559898,0
0.108493,0.0559889,0
0.110066,0.0559881,0
0.111638,0.0559872,0
0.113211,0.0559863,0
0.114783,0.0559854,0
0.116355,0.0559845,0
0.117928,0.0559836,0
0.1195,0.0559826,0
0.121072,0.0559816,0
0.122645,0.0559806,0
0.124217,0.0559796,0
0.125789,0.0559786,0
0.127362,0.0559775,0
0.128934,0.0559765,0
0.130507,0.0559754,0
0.132079,0.0559743,0
0.133651,0.0559731,0
0.135224,0.055972,0
0.136796,0.0559708,0
0.138368,0.0559696,0
0.139941,0.0559684,0
0.141513,0.0559672,0
0.143086,0.0559659,0
0.144658,0.0559646,0
0.14623,0.0559633,0
0.147803,0.055962,0
0.149375,0.0559607,0
0.150947,0.0559593,0
0.15252,0.0559579,0
0.154092,0.0559565,0
0.155665,0.0559551,0
0.157237,0.0559536,0
0.158809,0.0559521,0
0.160382,0.0559506,0
0.161954,0.0559491,0
0.163526,0.0559476,0
0.165099,0.055946,0
0.166671,0.0559444,0
0.168243,0.0559428,0
0.169816,0.0559411,0
0.171388,0.0559394,0
0.172961,0.0559377,0
0.174533,0.055936,0
0.176105,0.0559343,0
0.177678,0.0559325,0
0.17925,0.0559307,0
0.180822,0.0559288,0
0.182395,0.055927,0
0.183967,0.0559251,0
0.18554,0.0559232,0
0.187112,0.0559212,0
0.188684,0.0559192,0
0.190257,0.0559172,0
0.191829,0.0559152,0
0.193401,0.0559131,0
0.194974,0.055911,0
0.196546,0.0559089,0
0.198118,0.0559067,0
0.199691,0.0559045,0
0.201263,0.0559023,0
0.202836,0.0559,0
0.204408,0.0558977,0
0.20598,0.0558954,0
0.207553,0.055893,0
0.209125,0.0558906,0
0.210697,0.0558882,0
0.21227,0.0558857,0
0.213842,0.0558832,0
0.215415,0.0558806,0
0.216987,0.055878,0
0.218559,0.0558754,0
0.220132,0.0558727,0
0.221704,0.05587,0
0.223276,0.0558673,0
0.224849,0.0558645,0
0.226421,0.0558617,0
0.227993,0.0558588,0
0.229566,0.0558559,0
0.231138,0.0558529,0
0.232711,0.0558499,0
0.234283,0.0558469,0
0.235855,0.0558438,0
0.237428,0.0558407,0
0.239,0.0558375,0
0.240572,0.0558342,0
0.242145,0.055831,0
0.243717,0.0558277,0
0.24529,0.0558243,0
0.246862,0.0558209,0
0.248434,0.0558174,0
0.250007,0.0558139,0
0.251579,0.0558103,0
0.253151,0.0558067,0
0.254724,0.055803,0
0.256296,0.0557992,0
0.257868,0.0557955,0
0.259441,0.0557916,0
0.261013,0.0557877,0
0.262586,0.0557838,0
0.264158,0.0557798,0
0.26573,0.0557757,0
0.267303,0.0557716,0
0.268875,0.0557674,0
0.270447,0.0557632,0
0.27202,0.0557589,0
0.273592,0.0557545,0
0.275165,0.0557501,0
0.276737,0.0557456,0
0.278309,0.055741,0
0.279882,0.0557364,0
0.281454,0.0557317,0
0.283026,0.055727,0
0.284599,0.0557222,0
0.286171,0.0557173,0
0.287743,0.0557124,0
0.289316,0.0557074,0
0.290888,0.0557023,0
0.292461,0.0556971,0
0.294033,0.0556919,0
0.295605,0.0556866,0
0.297178,0.0556813,0
0.29875,0.0556758,0
0.300322,0.0556703,0
0.301895,0.0556647,0
0.303467,0.0556591,0
0.30504,0.0556533,0
0.306612,0.0556475,0
0.308184,0.0556417,0
0.309757,0.0556357,0
0.311329,0.0556296,0
0.312901,0.0556235,0
0.314474,0.0556173,0
0.316046,0.055611,0
0.317618,0.0556047,0
0.319191,0.0555982,0
0.320763,0.0555917,0
0.322336,0.0555851,0
0.323908,0.0555784,0
0.32548,0.0555716,0
0.327053,0.0555647,0
0.328625,0.0555577,0
0.330197,0.0555507,0
0.33177,0.0555436,0
0.333342,0.0555363,0
0.334915,0.055529,0
0.336487,0.0555216,0
0.338059,0.0555141,0
0.339632,0.0555065,0
0.341204,0.0554988,0
0.342776,0.055491,0
0.344349,0.0554831,0
0.345921,0.0554752,0
0.347493,0.0554671,0
0.349066,0.0554589,0
0.350638,0.0554507,0
0.352211,0.0554423,0
0.353783,0.0554338,0
0.355355,0.0554252,0
0.356928,0.0554166,0
0.3585,0.0554078,0
0.360072,0.0553989,0
0.361645,0.0553899,0
0.363217,0.0553808,0
0.36479,0.0553716,0
0.366362,0.0553623,0
0.367934,0.0553529,0
0.369507,0.0553434,0
0.371079,0.0553337,0
0.372651,0.055324,0
0.374224,0.0553141,0
0.375796,0.0553042,0
0.377368,0.0552941,0
0.378941,0.0552839,0
0.380513,0.0552736,0
0.382086,0.0552631,0
0.383658,0.0552526,0
0.38523,0.0552419,0
0.386803,0.0552312,0
0.388375,0.0552203,0
0.389947,0.0552093,0
0.39152,0.0551981,0
0.393092,0.0551869,0
0.394665,0.0551755,0
0.396237,0.055164,0
0.397809,0.0551523,0
0.399382,0.0551406,0
0.400954,0.0551287,0
0.402526,0.0551167,0
0.404099,0.0551046,0
0.405671,0.0550923,0
0.407243,0.0550799,0
0.408816,0.0550674,0
0.410388,0.0550548,0
0.411961,0.055042,0
0.413533,0.0550291,0
0.415105,0.055016,0
0.416678,0.0550029,0
0.41825,0.0549896,0
0.419822,0.0549761,0
0.421395,0.0549625,0
0.422967,0.0549488,0
0.42454,0.054935,0
0.426112,0.054921,0
0.427684,0.0549068,0
0.429257,0.0548926,0
0.430829,0.0548782,0
0.432401,0.0548636,0
0.433974,0.0548489,0
0.435546,0.0548341,0
0.437118,0.0548191,0
0.438691,0.054804,0
0.440263,0.0547888,0
0.441836,0.0547734,0
0.443408,0.0547578,0
0.44498,0.0547421,0
0.446553,0.0547262,0
0.448125,0.0547103,0
0.449697,0.0546941,0
0.45127,0.0546778,0
0.452842,0.0546614,0
0.454415,0.0546448,0
0.455987,0.0546281,0
0.457559,0.0546112,0
0.459132,0.0545941,0
0.460704,0.0545769,0
0.462276,0.0545596,0
0.463849,0.0545421,0
0.465421,0.0545244,0
0.466994,0.0545066,0
0.468566,0.0544886,0
0.470138,0.0544705,0
0.471711,0.0544523,0
0.473283,0.0544338,0
0.474855,0.0544152,0
0.476428,0.0543965,0
0.478,0.0543775,0
0.479572,0.0543585,0
0.481145,0.0543392,0
0.482717,0.0543199,0
0.48429,0.0543003,0
0.485862,0.0542806,0
0.487434,0.0542607,0
0.489007,0.0542407,0
0.490579,0.0542205,0
0.492151,0.0542001,0
0.493724,0.0541796,0
0.495296,0.0541589,0
0.496869,0.054138,0
0.498441,0.054117,0
0.500013,0.0540958,0
0.501586,0.0540744,0
0.503158,0.0540529,0
0.50473,0.0540312,0
0.506303,0.0540093,0
0.507875,0.0539873,0
0.509447,0.0539651,0
0.51102,0.0539427,0
0.512592,0.0539202,0
0.514165,0.0538975,0
0.515737,0.0538746,0
0.517309,0.0538515,0
0.518882,0.0538283,0
0.520454,0.0538049,0
0.522026,0.0537814,0
0.523599,0.0537576,0
0.525171,0.0537337,0
0.526744,0.0537096,0
0.528316,0.0536854,0
0.529888,0.0536609,0
0.531461,0.0536363,0
0.533033,0.0536115,0
0.534605,0.0535866,0
0.536178,0.0535614,0
0.53775,0.0535361,0
0.539322,0.0535106,0
0.540895,0.053485,0
0.542467,0.0534591,0
0.54404,0.0534331,0
0.545612,0.0534069,0
0.547184,0.0533805,0
0.548757,0.053354,0
0.550329,0.0533272,0
0.551901,0.0533003,0
0.553474,0.0532732,0
0.555046,0.0532459,0
0.556619,0.0532185,0
0.558191,0.0531909,0
0.559763,0.053163,0
0.561336,0.053135,0
0.562908,0.0531069,0
0.56448,0.0530785,0
0.566053,0.0530499,0
0.567625,0.0530212,0
0.569197,0.0529923,0
0.57077,0.0529632,0
0.572342,0.0529339,0
0.573915,0.0529045,0
0.575487,0.0528748,0
0.577059,0.052845,0
0.578632,0.052815,0
0.580204,0.0527848,0
0.581776,0.0527544,0
0.583349,0.0527238,0
0.584921,0.052693,0
0.586494,0.0526621,0
0.588066,0.052631,0
0.589638,0.0525996,0
0.591211,0.0525681,0
0.592783,0.0525364,0
0.594355,0.0525045,0
0.595928,0.0524725,0
0.5975,0.0524402,0
0.599072,0.0524078,0
0.600645,0.0523751,0
0.602217,0.0523423,0
0.60379,0.0523093,0
0.605362,0.0522761,0
0.606934,0.0522427,0
0.608507,0.0522091,0
0.610079,0.0521753,0
0.611651,0.0521413,0
0.613224,0.0521072,0
0.614796,0.0520728,0
0.616369,0.0520382,0
0.617941,0.0520035,0
0.619513,0.0519686,0
0.621086,0.0519335,0
0.622658,0.0518981,0
0.62423,0.0518626,0
0.625803,0.0518269,0
0.627375,0.051791,0
0.628947,0.0517549,0
0.63052,0.0517187,0
0.632092,0.0516822,0
0.633665,0.0516455,0
0.635237,0.0516086,0
0.636809,0.0515716,0
0.638382,0.0515343,0
0.639954,0.0514969,0
0.641526,0.0514592,0
0.643099,0.0514214,0
0.644671,0.0513834,0
0.646244,0.0513451,0
0.647816,0.0513067,0
0.649388,0.0512681,0
0.650961,0.0512293,0
0.652533,0.0511903,0
0.654105,0.051151,0
0.655678,0.0511116,0
0.65725,0.051072,0
0.658822,0.0510322,0
0.660395,0.0509922,0
0.661967,0.050952,0
0.66354,0.0509116,0
0.665112,0.050871,0
0.666684,0.0508303,0
0.668257,0.0507893,0
0.669829,0.0507481,0
0.671401,0.0507067,0
0.672974,0.0506651,0
0.674546,0.0506234,0
0.676119,0.0505814,0
0.677691,0.0505392,0
0.679263,0.0504969,0
0.680836,0.0504543,0
0.682408,0.0504115,0
0.68398,0.0503686,0
0.685553,0.0503254,0
0.687125,0.0502821,0
0.688697,0.0502385,0
0.69027,0.0501948,0
0.691842,0.0501508,0
0.693415,0.0501067,0
0.694987,0.0500623,0
0.696559,0.0500178,0
0.698132,0.049973,0
0.699704,0.0499281,0
0.701276,0.049883,0
0.702849,0.0498376,0
0.704421,0.0497921,0
0.705994,0.0497464,0
0.707566,0.0497005,0
0.709138,0.0496543,0
0.710711,0.049608,0
0.712283,0.0495615,0
0.713855,0.0495148,0
0.715428,0.0494679,0
0.717,0.0494208,0
0.718572,0.0493735,0
0.720145,0.049326,0
0.721717,0.0492783,0
0.72329,0.0492305,0
0.724862,0.0491824,0
0.726434,0.0491341,0
0.728007,0.0490856,0
0.729579,0.049037,0
0.731151,0.0489881,0
0.732724,0.0489391,0
0.734296,0.0488898,0
0.735869,0.0488404,0
0.737441,0.0487907,0
0.739013,0.0487409,0
0.740586,0.0486909,0
0.742158,0.0486407,0
0.74373,0.0485903,0
0.745303,0.0485397,0
0.746875,0.0484889,0
0.748447,0.0484379,0
0.75002,0.0483867,0
0.751592,0.0483354,0
0.753165,0.0482838,0
0.754737,0.0482321,0
0.756309,0.0481801,0
0.757882,0.048128,0
0.759454,0.0480757,0
0.761026,0.0480232,0
0.762599,0.0479705,0
0.764171,0.0479176,0
0.765744,0.0478646,0
0.767316,0.0478113,0
0.768888,0.0477579,0
0.770461,0.0477043,0
0.772033,0.0476505,0
0.773605,0.0475965,0
0.775178,0.0475423,0
0.77675,0.0474879,0
0.778323,0.0474333,0
0.779895,0.0473786,0
0.781467,0.0473237,0
0.78304,0.0472686,0
0.784612,0.0472133,0
0.786184,0.0471578,0
0.787757,0.0471022,0
0.789329,0.0470463,0
0.790901,0.0469903,0
0.792474,0.0469341,0
0.794046,0.0468778,0
0.795619,0.0468212,0
0.797191,0.0467645,0
0.798763,0.0467076,0
0.800336,0.0466505,0
0.801908,0.0465932,0
0.80348,0.0465358,0
0.805053,0.0464782,0
0.806625,0.0464204,0
0.808198,0.0463624,0
0.80977,0.0463043,0
0.811342,0.046246,0
0.812915,0.0461875,0
0.814487,0.0461288,0
0.816059,0.04607,0
0.817632,0.046011,0
0.819204,0.0459518,0
0.820776,0.0458925,0
0.822349,0.0458329,0
0.823921,0.0457733,0
0.825494,0.0457134,0
0.827066,0.0456534,0
0.828638,0.0455932,0
0.830211,0.0455329,0
0.831783,0.0454723,0
0.833355,0.0454117,0
0.834928,0.0453508,0
0.8365,0.0452898,0
0.838073,0.0452286,0
0.839645,0.0451673,0
0.841217,0.0451058,0
0.84279,0.0450442,0
0.844362,0.0449823,0
0.845934,0.0449204,0
0.847507,0.0448582,0
0.849079,0.044796,0
0.850651,0.0447335,0
0.852224,0.0446709,0
0.853796,0.0446082,0
0.855369,0.0445453,0
0.856941,0.0444822,0
0.858513,0.044419,0
0.860086,0.0443556,0
0.861658,0.0442921,0
0.86323,0.0442284,0
0.864803,0.0441646,0
0.866375,0.0441007,0
0.867948,0.0440365,0
0.86952,0.0439723,0
0.871092,0.0439079,0
0.872665,0.0438434,0
0.874237,0.0437787,0
0.875809,0.0437138,0
0.877382,0.0436489,0
0.878954,0.0435838,0
0.880526,0.0435185,0
0.882099,0.0434531,0
0.883671,0.0433876,0
0.885244,0.0433219,0
0.886816,0.0432561,0
0.888388,0.0431902,0
0.889961,0.0431241,0
0.891533,0.0430579,0
0.893105,0.0429916,0
0.894678,0.0429252,0
0.89625,0.0428586,0
0.897823,0.0427919,0
0.899395,0.042725,0
0.900967,0.0426581,0
0.90254,0.042591,0
0.904112,0.0425238,0
0.905684,0.0424564,0
0.907257,0.042389,0
0.908829,0.0423214,0
0.910401,0.0422537,0
0.911974,0.0421859,0
0.913546,0.042118,0
0.915119,0.0420499,0
0.916691,0.0419818,0
0.918263,0.0419135,0
0.919836,0.0418451,0
0.921408,0.0417766,0
0.92298,0.041708,0
0.924553,0.0416393,0
0.926125,0.0415705,0
0.927698,0.0415016,0
0.92927,0.0414326,0
0.930842,0.0413635,0
0.932415,0.0412943,0
0.933987,0.0412249,0
0.935559,0.0411555,0
0.937132,0.041086,0
0.938704,0.0410164,0
0.940276,0.0409467,0
0.941849,0.0408769,0
0.943421,0.040807,0
0.944994,0.040737,0
0.946566,0.0406669,0
0.948138,0.0405968,0
0.949711,0.0405265,0
0.951283,0.0404562,0
0.952855,0.0403858,0
0.954428,0.0403153,0
0.956,0.0402447,0
0.957573,0.040174,0
0.959145,0.0401033,0
0.960717,0.0400325,0
0.96229,0.0399616,0
0.963862,0.0398906,0
0.965434,0.0398196,0
0.967007,0.0397485,0
0.968579,0.0396773,0
0.970151,0.0396061,0
0.971724,0.0395348,0
0.973296,0.0394634,0
0.974869,0.0393919,0
0.976441,0.0393204,0
0.978013,0.0392488,0
0.979586,0.0391772,0
0.981158,0.0391055,0
0.98273,0.0390337,0
0.984303,0.0389619,0
0.985875,0.03889,0
0.987448,0.0388181,0
0.98902,0.0387461,0
0.990592,0.0386741,0
0.992165,0.038602,0
0.993737,0.0385298,0
0.995309,0.0384577,0
0.996882,0.0383854,0
0.998454,0.0383131,0
1.00003,0.0382408,0
1.0016,0.0381684,0
1.00317,0.038096,0
1.00474,0.0380235,0
1.00632,0.037951,0
1.00789,0.0378785,0
1.00946,0.0378059,0
1.01103,0.0377333,0
1.01261,0.0376606,0
1.01418,0.0375879,0
1.01575,0.0375152,0
1.01732,0.0374424,0
1.01889,0.0373696,0
1.02047,0.0372968,0
1.02204,0.0372239,0
1.02361,0.037151,0
1.02518,0.0370781,0
1.02676,0.0370051,0
1.02833,0.0369322,0
1.0299,0.0368591,0
1.03147,0.0367861,0
1.03305,0.036713,0
1.03462,0.03664,0
1.03619,0.0365668,0
1.03776,0.0364937,0
1.03934,0.0364205,0
1.04091,0.0363474,0
1.04248,0.0362742,0
1.04405,0.0362009,0
1.04563,0.0361277,0
1.0472,0.0360544,0
1.04877,0.0359812,0
1.05034,0.0359079,0
1.05191,0.0358346,0
1.05349,0.0357612,0
1.05506,0.0356879,0
1.05663,0.0356145,0
1.0582,0.0355411,0
1.05978,0.0354678,0
1.06135,0.0353944,0
1.06292,0.0353209,0
1.06449,0.0352475,0
1.06607,0.0351741,0
1.06764,0.0351006,0
1.06921,0.0350271,0
1.07078,0.0349537,0
1.07236,0.0348802,0
1.07393,0.0348067,0
1.0755,0.0347332,0
1.07707,0.0346597,0
1.07864,0.0345861,0
1.08022,0.0345126,0
1.08179,0.0344391,0
1.08336,0.0343655,0
1.08493,0.034292,0
1.08651,0.0342184,0
1.08808,0.0341448,0
1.08965,0.0340712,0
1.09122,0.0339977,0
1.0928,0.0339241,0
1.09437,0.0338505,0
1.09594,0.0337769,0
1.09751,0.0337033,0
1.09909,0.0336296,0
1.10066,0.033556,0
1.10223,0.0334824,0
1.1038,0.0334088,0
1.10538,0.0333351,0
1.10695,0.0332615,0
1.10852,0.0331879,0
1.11009,0.0331142,0
1.11166,0.0330406,0
1.11324,0.0329669,0
1.11481,0.0328932,0
1.11638,0.0328196,0
1.11795,0.0327459,0
1.11953,0.0326722,0
1.1211,0.0325986,0
1.12267,0.0325249,0
1.12424,0.0324512,0
1.12582,0.0323775,0
1.12739,0.0323038,0
1.12896,0.0322301,0
1.13053,0.0321564,0
1.13211,0.0320827,0
1.13368,0.032009,0
1.13525,0.0319353,0
1.13682,0.0318616,0
1.13839,0.0317879,0
1.13997,0.0317142,0
1.14154,0.0316404,0
1.14311,0.0315667,0
1.14468,0.031493,0
1.14626,0.0314192,0
1.14783,0.0313455,0
1.1494,0.0312717,0
1.15097,0.031198,0
1.15255,0.0311242,0
1.15412,0.0310505,0
1.15569,0.0309767,0
1.15726,0.0309029,0
1.15884,0.0308291,0
1.16041,0.0307553,0
1.16198,0.0306815,0
1.16355,0.0306077,0
1.16513,0.0305339,0
1.1667,0.0304601,0
1.16827,0.0303863,0
1.16984,0.0303124,0
1.17141,0.0302386,0
1.17299,0.0301647,0
1.17456,0.0300909,0
1.17613,0.030017,0
1.1777,0.0299431,0
1.17928,0.0298692,0
1.18085,0.0297953,0
1.18242,0.0297214,0
1.18399,0.0296474,0
1.18557,0.0295735,0
1.18714,0.0294995,0
1.18871,0.0294256,0
1.19028,0.0293516,0
1.19186,0.0292776,0
1.19343,0.0292036,0
1.195,0.0291295,0
1.19657,0.0290555,0
1.19814,0.0289814,0
1.19972,0.0289073,0
1.20129,0.0288332,0
1.20286,0.0287591,0
1.20443,0.0286849,0
1.20601,0.0286108,0
1.20758,0.0285366,0
1.20915,0.0284624,0
1.21072,0.0283881,0
1.2123,0.0283139,0
1.21387,0.0282396,0
1.21544,0.0281653,0
1.21701,0.028091,0
1.21859,0.0280166,0
1.22016,0.0279422,0
1.22173,0.0278678,0
1.2233,0.0277934,0
1.22488,0.0277189,0
1.22645,0.0276444,0
1.22802,0.0275699,0
1.22959,0.0274953,0
1.23116,0.0274207,0
1.23274,0.027346,0
1.23431,0.0272714,0
1.23588,0.0271967,0
1.23745,0.0271219,0
1.23903,0.0270471,0
1.2406,0.0269723,0
1.24217,0.0268974,0
1.24374,0.0268225,0
1.24532,0.0267476,0
1.24689,0.0266726,0
1.24846,0.0265976,0
1.25003,0.0265225,0
1.25161,0.0264473,0
1.25318,0.0263722,0
1.25475,0.0262969,0
1.25632,0.0262217,0
1.25789,0.0261463,0
1.25947,0.026071,0
1.26104,0.0259955,0
1.26261,0.02592,0
1.26418,0.0258445,0
1.26576,0.0257689,0
1.26733,0.0256932,0
1.2689,0.0256175,0
1.27047,0.0255417,0
1.27205,0.0254659,0
1.27362,0.02539,0
1.27519,0.025314,0
1.27676,0.025238,0
1.27834,0.0251619,0
1.27991,0.0250857,0
1.28148,0.0250095,0
1.28305,0.0249332,0
1.28463,0.0248568,0
1.2862,0.0247804,0
1.28777,0.0247038,0
1.28934,0.0246272,0
1.29091,0.0245505,0
1.29249,0.0244737,0
1.29406,0.0243969,0
1.29563,0.02432,0
1.2972,0.0242429,0
1.29878,0.0241658,0
1.30035,0.0240886,0
1.30192,0.0240113,0
1.30349,0.023934,0
1.30507,0.0238565,0
1.30664,0.0237789,0
1.30821,0.0237012,0
1.30978,0.0236235,0
1.31136,0.0235456,0
1.31293,0.0234676,0
1.3145,0.0233895,0
1.31607,0.0233113,0
1.31764,0.023233,0
1.31922,0.0231546,0
1.32079,0.0230761,0
1.32236,0.0229974,0
1.32393,0.0229187,0
1.32551,0.0228398,0
1.32708,0.0227608,0
1.32865,0.0226816,0
1.33022,0.0226023,0
1.3318,0.0225229,0
1.33337,0.0224434,0
1.33494,0.0223637,0
1.33651,0.0222839,0
1.33809,0.0222039,0
1.33966,0.0221238,0
1.34123,0.0220435,0
1.3428,0.0219631,0
1.34438,0.0218826,0
1.34595,0.0218019,0
1.34752,0.021721,0
1.34909,0.0216399,0
1.35066,0.0215587,0
1.35224,0.0214773,0
1.35381,0.0213958,0
1.35538,0.0213141,0
1.35695,0.0212322,0
1.35853,0.0211501,0
1.3601,0.0210678,0
1.36167,0.0209853,0
1.36324,0.0209027,0
1.36482,0.0208199,0
1.36639,0.0207368,0
1.36796,0.0206536,0
1.36953,0.0205701,0
1.37111,0.0204864,0
1.37268,0.0204025,0
1.37425,0.0203184,0
1.37582,0.0202341,0
1.37739,0.0201496,0
1.37897,0.0200648,0
1.38054,0.0199798,0
1.38211,0.0198945,0
1.38368,0.019809,0
1.38526,0.0197233,0
1.38683,0.0196373,0
1.3884,0.0195511,0
1.38997,0.0194646,0
1.39155,0.0193778,0
1.39312,0.0192907,0
1.39469,0.0192034,0
1.39626,0.0191158,0
1.39784,0.0190279,0
1.39941,0.0189398,0
1.40098,0.0188513,0
1.40255,0.0187625,0
1.40413,0.0186734,0
1.4057,0.018584,0
1.40727,0.0184943,0
1.40884,0.0184043,0
1.41041,0.0183139,0
1.41199,0.0182231,0
1.41356,0.0181321,0
1.41513,0.0180407,0
1.4167,0.0179489,0
1.41828,0.0178568,0
1.41985,0.0177642,0
1.42142,0.0176713,0
1.42299,0.017578,0
1.42457,0.0174843,0
1.42614,0.0173903,0
1.42771,0.0172957,0
1.42928,0.0172008,0
1.43086,0.0171054,0
1.43243,0.0170095,0
1.434,0.0169133,0
1.43557,0.0168165,0
1.43714,0.0167193,0
1.43872,0.0166216,0
1.44029,0.0165233,0
1.44186,0.0164246,0
1.44343,0.0163254,0
1.44501,0.0162256,0
1.44658,0.0161253,0
1.44815,0.0160244,0
1.44972,0.0159229,0
1.4513,0.0158208,0
1.45287,0.0157182,0
1.45444,0.0156149,0
1.45601,0.015511,0
1.45759,0.0154065,0
1.45916,0.0153013,0
1.46073,0.0151953,0
1.4623,0.0150887,0
1.46388,0.0149814,0
1.46545,0.0148734,0
1.46702,0.0147646,0
1.46859,0.014655,0
1.47016,0.0145446,0
1.47174,0.0144334,0
1.47331,0.0143214,0
1.47488,0.0142085,0
1.47645,0.0140948,0
1.47803,0.0139801,0
1.4796,0.0138644,0
1.48117,0.0137478,0
1.48274,0.0136302,0
1.48432,0.0135117,0
1.48589,0.0133921,0
1.48746,0.0132714,0
1.48903,0.0131495,0
1.49061,0.0130264,0
1.49218,0.0129021,0
1.49375,0.0127768,0
1.49532,0.0126501,0
1.49689,0.0125222,0
1.49847,0.0123928,0
1.50004,0.0122618,0
1.50161,0.0121295,0
1.50318,0.0119957,0
1.50476,0.0118605,0
1.50633,0.0117236,0
1.5079,0.0115849,0
1.50947,0.0114442,0
1.51105,0.0113017,0
1.51262,0.0111574,0
1.51419,0.0110113,0
1.51576,0.010863,0
1.51734,0.0107125,0
1.51891,0.0105595,0
1.52048,0.0104038,0
1.52205,0.0102458,0
1.52363,0.0100855,0
1.5252,0.00992236,0
1.52677,0.00975621,0
1.52834,0.00958667,0
1.52991,0.00941342,0
1.53149,0.00923677,0
1.53306,0.009057,0
1.53463,0.00887352,0
1.5362,0.0086857,0
1.53778,0.00849295,0
1.53935,0.00829465,0
1.54092,0.00809077,0
1.54249,0.00788276,0
1.54407,0.00766947,0
1.54564,0.0074494,0
1.54721,0.00722106,0
1.54878,0.00698299,0
1.55036,0.00673412,0
1.55193,0.00648266,0
1.5535,0.00622631,0
1.55507,0.00595708,0
1.55665,0.00566702,0
1.55822,0.00534813,0
1.55979,0.00499246,0
1.56136,0.00454346,0
1.56293,0.00395675,0
1.56451,0.00329747,0
1.56608,0.00263215,0
1.56765,0.00202733,0
1.56922,0.00154952,0
1.5708,0.0012421,5.62616e-05
