# 20240826_150341
alpha,Dfield0Re,Dfield0Im
0,-0.201136,0
0.00157237,-0.201229,0
0.00314474,-0.201329,0
0.00471711,-0.20143,0
0.00628947,-0.201526,0
0.00786184,-0.201608,0
0.00943421,-0.201671,0
0.0110066,-0.201714,0
0.0125789,-0.201751,0
0.0141513,-0.201785,0
0.0157237,-0.201814,0
0.0172961,-0.201837,0
0.0188684,-0.201853,0
0.0204408,-0.201862,0
0.0220132,-0.201868,0
0.0235855,-0.201874,0
0.0251579,-0.201878,0
0.0267303,-0.201882,0
0.0283026,-0.201884,0
0.029875,-0.201885,0
0.0314474,-0.201884,0
0.0330197,-0.201884,0
0.0345921,-0.201882,0
0.0361645,-0.201881,0
0.0377368,-0.20188,0
0.0393092,-0.201879,0
0.0408816,-0.201879,0
0.042454,-0.20188,0
0.0440263,-0.201882,0
0.0455987,-0.201884,0
0.0471711,-0.201886,0
0.0487434,-0.201889,0
0.0503158,-0.201892,0
0.0518882,-0.201896,0
0.0534605,-0.201901,0
0.0550329,-0.201908,0
0.0566053,-0.201915,0
0.0581776,-0.201923,0
0.05975,-0.201931,0
0.0613224,-0.201939,0
0.0628947,-0.201948,0
0.0644671,-0.201958,0
0.0660395,-0.201968,0
0.0676119,-0.201978,0
0.0691842,-0.201989,0
0.0707566,-0.202,0
0.072329,-0.202011,0
0.0739013,-0.202023,0
0.0754737,-0.202035,0
0.0770461,-0.202047,0
0.0786184,-0.202058,0
0.0801908,-0.20207,0
0.0817632,-0.202082,0
0.0833355,-0.202094,0
0.0849079,-0.202106,0
0.0864803,-0.202117,0
0.0880526,-0.202129,0
0.089625,-0.20214,0
0.0911974,-0.202151,0
0.0927698,-0.202162,0
0.0943421,-0.202173,0
0.0959145,-0.202183,0
0.0974869,-0.202193,0
0.0990592,-0.202203,0
0.100632,-0.202212,0
0.102204,-0.202221,0
0.103776,-0.20223,0
0.105349,-0.202239,0
0.106921,-0.202247,0
0.108493,-0.202254,0
0.110066,-0.202261,0
0.111638,-0.202268,0
0.113211,-0.202275,0
0.114783,-0.202281,0
0.116355,-0.202287,0
0.117928,-0.202292,0
0.1195,-0.202296,0
0.121072,-0.202301,0
0.122645,-0.202305,0
0.124217,-0.202309,0
0.125789,-0.202312,0
0.127362,-0.202315,0
0.128934,-0.202317,0
0.130507,-0.202317,0
0.132079,-0.202317,0
0.133651,-0.202318,0
0.135224,-0.202318,0
0.136796,-0.202318,0
0.138368,-0.202318,0
0.139941,-0.202318,0
0.141513,-0.202317,0
0.143086,-0.202315,0
0.144658,-0.202312,0
0.14623,-0.202308,0
0.147803,-0.202304,0
0.149375,-0.2023,0
0.150947,-0.202295,0
0.15252,-0.202289,0
0.154092,-0.202283,0
0.155665,-0.202276,0
0.157237,-0.202268,0
0.158809,-0.202259,0
0.160382,-0.202251,0
0.161954,-0.202241,0
0.163526,-0.20223,0
0.165099,-0.202218,0
0.166671,-0.202206,0
0.168243,-0.202193,0
0.169816,-0.202179,0
0.171388,-0.202164,0
0.172961,-0.202148,0
0.174533,-0.20213,0
0.176105,-0.202112,0
0.177678,-0.202093,0
0.17925,-0.202072,0
0.180822,-0.202051,0
0.182395,-0.202028,0
0.183967,-0.202004,0
0.18554,-0.201979,0
0.187112,-0.201952,0
0.188684,-0.201924,0
0.190257,-0.201895,0
0.191829,-0.201864,0
0.193401,-0.201831,0
0.194974,-0.201797,0
0.196546,-0.201761,0
0.198118,-0.201724,0
0.199691,-0.201685,0
0.201263,-0.201644,0
0.202836,-0.201602,0
0.204408,-0.201557,0
0.20598,-0.20151,0
0.207553,-0.201461,0
0.209125,-0.201411,0
0.210697,-0.201358,0
0.21227,-0.201304,0
0.213842,-0.201246,0
0.215415,-0.201187,0
0.216987,-0.201125,0
0.218559,-0.201061,0
0.220132,-0.200995,0
0.221704,-0.200926,0
0.223276,-0.200854,0
0.224849,-0.200779,0
0.226421,-0.200702,0
0.227993,-0.200622,0
0.229566,-0.20054,0
0.231138,-0.200455,0
0.232711,-0.200367,0
0.234283,-0.200275,0
0.235855,-0.20018,0
0.237428,-0.200082,0
0.239,-0.199982,0
0.240572,-0.199878,0
0.242145,-0.199771,0
0.243717,-0.19966,0
0.24529,-0.199545,0
0.246862,-0.199427,0
0.248434,-0.199305,0
0.250007,-0.199181,0
0.251579,-0.199052,0
0.253151,-0.198919,0
0.254724,-0.198782,0
0.256296,-0.198641,0
0.257868,-0.198497,0
0.259441,-0.198348,0
0.261013,-0.198196,0
0.262586,-0.198039,0
0.264158,-0.197877,0
0.26573,-0.197711,0
0.267303,-0.19754,0
0.268875,-0.197365,0
0.270447,-0.197186,0
0.27202,-0.197002,0
0.273592,-0.196812,0
0.275165,-0.196618,0
0.276737,-0.196418,0
0.278309,-0.196214,0
0.279882,-0.196005,0
0.281454,-0.195791,0
0.283026,-0.195571,0
0.284599,-0.195345,0
0.286171,-0.195114,0
0.287743,-0.194878,0
0.289316,-0.194636,0
0.290888,-0.194388,0
0.292461,-0.194135,0
0.294033,-0.193875,0
0.295605,-0.193609,0
0.297178,-0.193336,0
0.29875,-0.193058,0
0.300322,-0.192774,0
0.301895,-0.192483,0
0.303467,-0.192186,0
0.30504,-0.191881,0
0.306612,-0.19157,0
0.308184,-0.191252,0
0.309757,-0.190927,0
0.311329,-0.190595,0
0.312901,-0.190256,0
0.314474,-0.189909,0
0.316046,-0.189555,0
0.317618,-0.189193,0
0.319191,-0.188824,0
0.320763,-0.188447,0
0.322336,-0.188062,0
0.323908,-0.187669,0
0.32548,-0.187268,0
0.327053,-0.186858,0
0.328625,-0.18644,0
0.330197,-0.186014,0
0.33177,-0.18558,0
0.333342,-0.185136,0
0.334915,-0.184683,0
0.336487,-0.18422,0
0.338059,-0.183749,0
0.339632,-0.18327,0
0.341204,-0.182781,0
0.342776,-0.182282,0
0.344349,-0.181772,0
0.345921,-0.181253,0
0.347493,-0.180724,0
0.349066,-0.180186,0
0.350638,-0.179638,0
0.352211,-0.179079,0
0.353783,-0.178509,0
0.355355,-0.177928,0
0.356928,-0.177336,0
0.3585,-0.176734,0
0.360072,-0.176121,0
0.361645,-0.175497,0
0.363217,-0.174861,0
0.36479,-0.174213,0
0.366362,-0.173553,0
0.367934,-0.172882,0
0.369507,-0.1722,0
0.371079,-0.171506,0
0.372651,-0.170799,0
0.374224,-0.170079,0
0.375796,-0.169346,0
0.377368,-0.168601,0
0.378941,-0.167843,0
0.380513,-0.167074,0
0.382086,-0.16629,0
0.383658,-0.165493,0
0.38523,-0.164682,0
0.386803,-0.163858,0
0.388375,-0.16302,0
0.389947,-0.162169,0
0.39152,-0.161304,0
0.393092,-0.160425,0
0.394665,-0.15953,0
0.396237,-0.158621,0
0.397809,-0.157698,0
0.399382,-0.156761,0
0.400954,-0.155809,0
0.402526,-0.154842,0
0.404099,-0.153859,0
0.405671,-0.15286,0
0.407243,-0.151846,0
0.408816,-0.150818,0
0.410388,-0.149774,0
0.411961,-0.148714,0
0.413533,-0.147638,0
0.415105,-0.146544,0
0.416678,-0.145435,0
0.41825,-0.14431,0
0.419822,-0.143169,0
0.421395,-0.142012,0
0.422967,-0.140837,0
0.42454,-0.139645,0
0.426112,-0.138435,0
0.427684,-0.137209,0
0.429257,-0.135967,0
0.430829,-0.134708,0
0.432401,-0.13343,0
0.433974,-0.132134,0
0.435546,-0.130821,0
0.437118,-0.129489,0
0.438691,-0.128141,0
0.440263,-0.126775,0
0.441836,-0.125391,0
0.443408,-0.123988,0
0.44498,-0.122566,0
0.446553,-0.121126,0
0.448125,-0.119667,0
0.449697,-0.118192,0
0.45127,-0.116698,0
0.452842,-0.115184,0
0.454415,-0.11365,0
0.455987,-0.112098,0
0.457559,-0.110527,0
0.459132,-0.108937,0
0.460704,-0.10733,0
0.462276,-0.105703,0
0.463849,-0.104055,0
0.465421,-0.102388,0
0.466994,-0.100702,0
0.468566,-0.0989965,0
0.470138,-0.0972733,0
0.471711,-0.0955303,0
0.473283,-0.0937666,0
0.474855,-0.0919827,0
0.476428,-0.0901792,0
0.478,-0.0883566,0
0.479572,-0.0865156,0
0.481145,-0.0846556,0
0.482717,-0.0827746,0
0.48429,-0.0808731,0
0.485862,-0.0789517,0
0.487434,-0.0770109,0
0.489007,-0.0750513,0
0.490579,-0.0730734,0
0.492151,-0.0710747,0
0.493724,-0.0690554,0
0.495296,-0.0670158,0
0.496869,-0.0649568,0
0.498441,-0.062879,0
0.500013,-0.060783,0
0.501586,-0.0586674,0
0.503158,-0.056531,0
0.50473,-0.0543745,0
0.506303,-0.0521985,0
0.507875,-0.0500037,0
0.509447,-0.0477909,0
0.51102,-0.0455599,0
0.512592,-0.0433084,0
0.514165,-0.0410368,0
0.515737,-0.0387461,0
0.517309,-0.0364368,0
0.518882,-0.0341098,0
0.520454,-0.0317656,0
0.522026,-0.0294021,0
0.523599,-0.0270189,0
0.525171,-0.0246168,0
0.526744,-0.0221967,0
0.528316,-0.0197594,0
0.529888,-0.0173057,0
0.531461,-0.0148345,0
0.533033,-0.0123443,0
0.534605,-0.00983582,0
0.536178,-0.00730999,0
0.53775,-0.00476767,0
0.539322,-0.00220971,0
0.540895,0.000363735,0
0.542467,0.00295515,0
0.54404,0.005564,0
0.545612,0.00818931,0
0.547184,0.0108301,0
0.548757,0.0134855,0
0.550329,0.0161546,0
0.551901,0.0188395,0
0.553474,0.0215408,0
0.555046,0.0242574,0
0.556619,0.0269884,0
0.558191,0.0297326,0
0.559763,0.0324891,0
0.561336,0.0352586,0
0.562908,0.0380431,0
0.56448,0.0408417,0
0.566053,0.0436531,0
0.567625,0.0464763,0
0.569197,0.0493101,0
0.57077,0.052154,0
0.572342,0.0550109,0
0.573915,0.0578801,0
0.575487,0.0607605,0
0.577059,0.0636509,0
0.578632,0.0665501,0
0.580204,0.0694568,0
0.581776,0.0723733,0
0.583349,0.0753004,0
0.584921,0.0782367,0
0.586494,0.081181,0
0.588066,0.0841319,0
0.589638,0.0870882,0
0.591211,0.0900503,0
0.592783,0.0930208,0
0.594355,0.0959984,0
0.595928,0.0989817,0
0.5975,0.101969,0
0.599072,0.10496,0
0.600645,0.107952,0
0.602217,0.11095,0
0.60379,0.113952,0
0.605362,0.116958,0
0.606934,0.119965,0
0.608507,0.122973,0
0.610079,0.125979,0
0.611651,0.128987,0
0.613224,0.131996,0
0.614796,0.135006,0
0.616369,0.138015,0
0.617941,0.141022,0
0.619513,0.144024,0
0.621086,0.147022,0
0.622658,0.150019,0
0.62423,0.153014,0
0.625803,0.156006,0
0.627375,0.158991,0
0.628947,0.161969,0
0.63052,0.164938,0
0.632092,0.167903,0
0.633665,0.170862,0
0.635237,0.173815,0
0.636809,0.176759,0
0.638382,0.179692,0
0.639954,0.182613,0
0.641526,0.185523,0
0.643099,0.188425,0
0.644671,0.191317,0
0.646244,0.194197,0
0.647816,0.197064,0
0.649388,0.199914,0
0.650961,0.202748,0
0.652533,0.20557,0
0.654105,0.20838,0
0.655678,0.211174,0
0.65725,0.213951,0
0.658822,0.216709,0
0.660395,0.219445,0
0.661967,0.222165,0
0.66354,0.224869,0
0.665112,0.227555,0
0.666684,0.23022,0
0.668257,0.232862,0
0.669829,0.235479,0
0.671401,0.238073,0
0.672974,0.240649,0
0.674546,0.243203,0
0.676119,0.245733,0
0.677691,0.248238,0
0.679263,0.250713,0
0.680836,0.25316,0
0.682408,0.255583,0
0.68398,0.257983,0
0.685553,0.260357,0
0.687125,0.262701,0
0.688697,0.265013,0
0.69027,0.267291,0
0.691842,0.26954,0
0.693415,0.271764,0
0.694987,0.273959,0
0.696559,0.276122,0
0.698132,0.278249,0
0.699704,0.280338,0
0.701276,0.282392,0
0.702849,0.284418,0
0.704421,0.286413,0
0.705994,0.288373,0
0.707566,0.290296,0
0.709138,0.292177,0
0.710711,0.294016,0
0.712283,0.295823,0
0.713855,0.297599,0
0.715428,0.299338,0
0.717,0.301037,0
0.718572,0.302692,0
0.720145,0.304299,0
0.721717,0.305869,0
0.72329,0.307406,0
0.724862,0.308907,0
0.726434,0.310367,0
0.728007,0.311779,0
0.729579,0.313141,0
0.731151,0.314454,0
0.732724,0.315737,0
0.734296,0.316983,0
0.735869,0.318188,0
0.737441,0.319344,0
0.739013,0.320446,0
0.740586,0.321491,0
0.742158,0.322503,0
0.74373,0.323481,0
0.745303,0.324419,0
0.746875,0.325308,0
0.748447,0.32614,0
0.75002,0.326907,0
0.751592,0.327631,0
0.753165,0.328332,0
0.754737,0.328996,0
0.756309,0.329612,0
0.757882,0.330166,0
0.759454,0.330647,0
0.761026,0.331067,0
0.762599,0.331493,0
0.764171,0.3319,0
0.765744,0.332259,0
0.767316,0.332539,0
0.768888,0.33271,0
0.770461,0.332749,0
0.772033,0.332748,0
0.773605,0.332747,0
0.775178,0.332745,0
0.77675,0.332742,0
0.778323,0.332738,0
0.779895,0.332733,0
0.781467,0.332662,0
0.78304,0.332459,0
0.784612,0.332153,0
0.786184,0.331775,0
0.787757,0.331355,0
0.789329,0.330924,0
0.790901,0.330492,0
0.792474,0.329987,0
0.794046,0.329412,0
0.795619,0.328778,0
0.797191,0.328098,0
0.798763,0.327384,0
0.800336,0.326647,0
0.801908,0.325858,0
0.80348,0.325005,0
0.805053,0.324096,0
0.806625,0.323141,0
0.808198,0.322146,0
0.80977,0.321119,0
0.811342,0.320055,0
0.812915,0.318931,0
0.814487,0.317755,0
0.816059,0.316532,0
0.817632,0.315268,0
0.819204,0.31397,0
0.820776,0.312639,0
0.822349,0.311257,0
0.823921,0.309825,0
0.825494,0.308347,0
0.827066,0.306829,0
0.828638,0.305276,0
0.830211,0.303693,0
0.831783,0.302068,0
0.833355,0.300396,0
0.834928,0.298681,0
0.8365,0.296928,0
0.838073,0.29514,0
0.839645,0.293322,0
0.841217,0.291472,0
0.84279,0.289579,0
0.844362,0.287646,0
0.845934,0.285678,0
0.847507,0.283677,0
0.849079,0.281648,0
0.850651,0.279592,0
0.852224,0.2775,0
0.853796,0.275372,0
0.855369,0.273211,0
0.856941,0.271021,0
0.858513,0.268805,0
0.860086,0.266566,0
0.861658,0.264298,0
0.86323,0.261999,0
0.864803,0.259671,0
0.866375,0.257317,0
0.867948,0.25494,0
0.86952,0.252543,0
0.871092,0.250126,0
0.872665,0.247681,0
0.874237,0.245212,0
0.875809,0.242721,0
0.877382,0.24021,0
0.878954,0.237683,0
0.880526,0.235141,0
0.882099,0.232579,0
0.883671,0.229995,0
0.885244,0.227394,0
0.886816,0.224778,0
0.888388,0.222148,0
0.889961,0.219508,0
0.891533,0.216855,0
0.893105,0.214186,0
0.894678,0.211503,0
0.89625,0.208808,0
0.897823,0.206104,0
0.899395,0.203394,0
0.900967,0.200677,0
0.90254,0.197949,0
0.904112,0.195211,0
0.905684,0.192466,0
0.907257,0.189715,0
0.908829,0.186961,0
0.910401,0.184206,0
0.911974,0.181446,0
0.913546,0.17868,0
0.915119,0.175911,0
0.916691,0.17314,0
0.918263,0.170369,0
0.919836,0.167601,0
0.921408,0.164834,0
0.92298,0.162066,0
0.924553,0.159297,0
0.926125,0.156531,0
0.927698,0.153768,0
0.92927,0.151011,0
0.930842,0.148261,0
0.932415,0.145513,0
0.933987,0.142769,0
0.935559,0.14003,0
0.937132,0.137298,0
0.938704,0.134575,0
0.940276,0.131862,0
0.941849,0.129157,0
0.943421,0.126458,0
0.944994,0.123767,0
0.946566,0.121087,0
0.948138,0.118418,0
0.949711,0.115762,0
0.951283,0.113118,0
0.952855,0.110484,0
0.954428,0.107861,0
0.956,0.10525,0
0.957573,0.102653,0
0.959145,0.100071,0
0.960717,0.0975051,0
0.96229,0.0949521,0
0.963862,0.0924122,0
0.965434,0.0898867,0
0.967007,0.087377,0
0.968579,0.0848845,0
0.970151,0.0824106,0
0.971724,0.0799529,0
0.973296,0.0775101,0
0.974869,0.0750834,0
0.976441,0.0726742,0
0.978013,0.0702837,0
0.979586,0.0679132,0
0.981158,0.0655622,0
0.98273,0.0632278,0
0.984303,0.060911,0
0.985875,0.0586128,0
0.987448,0.0563345,0
0.98902,0.0540772,0
0.990592,0.0518417,0
0.992165,0.0496248,0
0.993737,0.0474264,0
0.995309,0.0452476,0
0.996882,0.0430894,0
0.998454,0.040953,0
1.00003,0.0388394,0
1.0016,0.0367467,0
1.00317,0.0346732,0
1.00474,0.0326198,0
1.00632,0.0305876,0
1.00789,0.0285775,0
1.00946,0.0265905,0
1.01103,0.0246264,0
1.01261,0.0226821,0
1.01418,0.0207583,0
1.01575,0.0188558,0
1.01732,0.0169755,0
1.01889,0.0151184,0
1.02047,0.013285,0
1.02204,0.0114726,0
1.02361,0.00968049,0
1.02518,0.00790966,0
1.02676,0.00616089,0
1.02833,0.004435,0
1.0299,0.00273283,0
1.03147,0.00105293,0
1.03305,-0.000606833,0
1.03462,-0.0022457,0
1.03619,-0.00386292,0
1.03776,-0.00545772,0
1.03934,-0.00702937,0
1.04091,-0.00857793,0
1.04248,-0.0101064,0
1.04405,-0.0116145,0
1.04563,-0.0131016,0
1.0472,-0.014567,0
1.04877,-0.01601,0
1.05034,-0.01743,0
1.05191,-0.0188295,0
1.05349,-0.0202095,0
1.05506,-0.0215692,0
1.05663,-0.0229081,0
1.0582,-0.0242255,0
1.05978,-0.0255208,0
1.06135,-0.026795,0
1.06292,-0.0280506,0
1.06449,-0.0292868,0
1.06607,-0.0305032,0
1.06764,-0.0316992,0
1.06921,-0.0328743,0
1.07078,-0.0340283,0
1.07236,-0.0351641,0
1.07393,-0.0362817,0
1.0755,-0.0373806,0
1.07707,-0.0384603,0
1.07864,-0.0395203,0
1.08022,-0.04056,0
1.08179,-0.0415816,0
1.08336,-0.0425862,0
1.08493,-0.0435732,0
1.08651,-0.0445424,0
1.08808,-0.045493,0
1.08965,-0.0464247,0
1.09122,-0.0473383,0
1.0928,-0.0482359,0
1.09437,-0.0491173,0
1.09594,-0.049982,0
1.09751,-0.0508296,0
1.09909,-0.0516596,0
1.10066,-0.0524719,0
1.10223,-0.053269,0
1.1038,-0.0540512,0
1.10538,-0.054818,0
1.10695,-0.055569,0
1.10852,-0.0563037,0
1.11009,-0.0570218,0
1.11166,-0.0577249,0
1.11324,-0.0584144,0
1.11481,-0.0590897,0
1.11638,-0.0597505,0
1.11795,-0.0603964,0
1.11953,-0.0610269,0
1.1211,-0.0616426,0
1.12267,-0.0622457,0
1.12424,-0.062836,0
1.12582,-0.063413,0
1.12739,-0.0639763,0
1.12896,-0.0645254,0
1.13053,-0.0650602,0
1.13211,-0.065583,0
1.13368,-0.0660942,0
1.13525,-0.0665933,0
1.13682,-0.0670799,0
1.13839,-0.0675535,0
1.13997,-0.0680137,0
1.14154,-0.0684618,0
1.14311,-0.0688996,0
1.14468,-0.0693265,0
1.14626,-0.069742,0
1.14783,-0.0701456,0
1.1494,-0.0705367,0
1.15097,-0.0709158,0
1.15255,-0.0712853,0
1.15412,-0.0716451,0
1.15569,-0.0719946,0
1.15726,-0.0723332,0
1.15884,-0.0726604,0
1.16041,-0.0729757,0
1.16198,-0.0732818,0
1.16355,-0.0735793,0
1.16513,-0.0738676,0
1.1667,-0.0741461,0
1.16827,-0.0744141,0
1.16984,-0.0746709,0
1.17141,-0.0749181,0
1.17299,-0.0751579,0
1.17456,-0.0753895,0
1.17613,-0.0756124,0
1.1777,-0.0758257,0
1.17928,-0.0760289,0
1.18085,-0.076222,0
1.18242,-0.0764083,0
1.18399,-0.0765878,0
1.18557,-0.0767596,0
1.18714,-0.0769229,0
1.18871,-0.0770769,0
1.19028,-0.077221,0
1.19186,-0.0773583,0
1.19343,-0.0774901,0
1.195,-0.0776155,0
1.19657,-0.0777334,0
1.19814,-0.0778431,0
1.19972,-0.0779435,0
1.20129,-0.0780362,0
1.20286,-0.078125,0
1.20443,-0.0782089,0
1.20601,-0.0782866,0
1.20758,-0.0783568,0
1.20915,-0.0784184,0
1.21072,-0.0784714,0
1.2123,-0.0785223,0
1.21387,-0.0785707,0
1.21544,-0.0786143,0
1.21701,-0.0786509,0
1.21859,-0.0786785,0
1.22016,-0.0786949,0
1.22173,-0.0787055,0
1.2233,-0.078715,0
1.22488,-0.0787231,0
1.22645,-0.0787294,0
1.22802,-0.0787336,0
1.22959,-0.0787356,0
1.23116,-0.0787329,0
1.23274,-0.0787217,0
1.23431,-0.0787036,0
1.23588,-0.0786803,0
1.23745,-0.078654,0
1.23903,-0.0786265,0
1.2406,-0.078599,0
1.24217,-0.0785667,0
1.24374,-0.0785292,0
1.24532,-0.0784875,0
1.24689,-0.0784426,0
1.24846,-0.0783957,0
1.25003,-0.0783478,0
1.25161,-0.0782976,0
1.25318,-0.0782438,0
1.25475,-0.0781868,0
1.25632,-0.0781271,0
1.25789,-0.0780655,0
1.25947,-0.0780022,0
1.26104,-0.0779376,0
1.26261,-0.0778702,0
1.26418,-0.0778002,0
1.26576,-0.0777281,0
1.26733,-0.0776539,0
1.2689,-0.0775782,0
1.27047,-0.077501,0
1.27205,-0.0774217,0
1.27362,-0.0773403,0
1.27519,-0.0772568,0
1.27676,-0.0771714,0
1.27834,-0.0770843,0
1.27991,-0.0769955,0
1.28148,-0.0769049,0
1.28305,-0.0768122,0
1.28463,-0.0767174,0
1.2862,-0.0766207,0
1.28777,-0.076522,0
1.28934,-0.0764214,0
1.29091,-0.0763189,0
1.29249,-0.0762141,0
1.29406,-0.0761072,0
1.29563,-0.075998,0
1.2972,-0.0758867,0
1.29878,-0.0757732,0
1.30035,-0.0756576,0
1.30192,-0.0755395,0
1.30349,-0.0754189,0
1.30507,-0.0752959,0
1.30664,-0.0751705,0
1.30821,-0.0750426,0
1.30978,-0.0749125,0
1.31136,-0.0747799,0
1.31293,-0.0746444,0
1.3145,-0.0745063,0
1.31607,-0.0743656,0
1.31764,-0.0742224,0
1.31922,-0.074077,0
1.32079,-0.0739292,0
1.32236,-0.0737786,0
1.32393,-0.0736251,0
1.32551,-0.0734691,0
1.32708,-0.0733107,0
1.32865,-0.0731503,0
1.33022,-0.0729881,0
1.3318,-0.0728234,0
1.33337,-0.072656,0
1.33494,-0.0724864,0
1.33651,-0.0723148,0
1.33809,-0.0721416,0
1.33966,-0.0719673,0
1.34123,-0.0717915,0
1.3428,-0.0716136,0
1.34438,-0.0714339,0
1.34595,-0.0712529,0
1.34752,-0.0710711,0
1.34909,-0.070889,0
1.35066,-0.0707068,0
1.35224,-0.0705234,0
1.35381,-0.0703391,0
1.35538,-0.0701542,0
1.35695,-0.0699695,0
1.35853,-0.0697854,0
1.3601,-0.0696025,0
1.36167,-0.06942,0
1.36324,-0.0692375,0
1.36482,-0.0690555,0
1.36639,-0.0688744,0
1.36796,-0.0686949,0
1.36953,-0.0685175,0
1.37111,-0.0683421,0
1.37268,-0.0681677,0
1.37425,-0.0679947,0
1.37582,-0.0678235,0
1.37739,-0.0676545,0
1.37897,-0.0674881,0
1.38054,-0.0673246,0
1.38211,-0.0671633,0
1.38368,-0.067004,0
1.38526,-0.066847,0
1.38683,-0.0666925,0
1.3884,-0.0665408,0
1.38997,-0.0663921,0
1.39155,-0.0662462,0
1.39312,-0.0661027,0
1.39469,-0.0659617,0
1.39626,-0.0658231,0
1.39784,-0.0656871,0
1.39941,-0.0655537,0
1.40098,-0.0654228,0
1.40255,-0.0652943,0
1.40413,-0.0651681,0
1.4057,-0.0650441,0
1.40727,-0.0649223,0
1.40884,-0.0648025,0
1.41041,-0.0646847,0
1.41199,-0.0645687,0
1.41356,-0.0644546,0
1.41513,-0.0643423,0
1.4167,-0.064232,0
1.41828,-0.0641236,0
1.41985,-0.0640171,0
1.42142,-0.0639121,0
1.42299,-0.0638082,0
1.42457,-0.0637059,0
1.42614,-0.0636057,0
1.42771,-0.0635082,0
1.42928,-0.0634137,0
1.43086,-0.0633222,0
1.43243,-0.063231,0
1.434,-0.0631412,0
1.43557,-0.0630544,0
1.43714,-0.0629722,0
1.43872,-0.0628961,0
1.44029,-0.0628274,0
1.44186,-0.0627575,0
1.44343,-0.062686,0
1.44501,-0.0626185,0
1.44658,-0.0625606,0
1.44815,-0.0625182,0
1.44972,-0.0624968,0
1.4513,-0.0624923,0
1.45287,-0.0624889,0
1.45444,-0.0624861,0
1.45601,-0.0624839,0
1.45759,-0.0624825,0
1.45916,-0.0624817,0
1.46073,-0.0624857,0
1.4623,-0.0625194,0
1.46388,-0.0625815,0
1.46545,-0.0626654,0
1.46702,-0.062764,0
1.46859,-0.0628706,0
1.47016,-0.0629784,0
1.47174,-0.0631028,0
1.47331,-0.0632534,0
1.47488,-0.0634261,0
1.47645,-0.0636163,0
1.47803,-0.0638197,0
1.4796,-0.0640321,0
1.48117,-0.0642559,0
1.48274,-0.0645045,0
1.48432,-0.0647746,0
1.48589,-0.0650625,0
1.48746,-0.0653641,0
1.48903,-0.0656755,0
1.49061,-0.0659943,0
1.49218,-0.0663305,0
1.49375,-0.0666846,0
1.49532,-0.0670533,0
1.49689,-0.0674334,0
1.49847,-0.0678218,0
1.50004,-0.0682152,0
1.50161,-0.0686158,0
1.50318,-0.0690271,0
1.50476,-0.0694485,0
1.50633,-0.0698796,0
1.5079,-0.0703198,0
1.50947,-0.0707687,0
1.51105,-0.0712244,0
1.51262,-0.071684,0
1.51419,-0.0721518,0
1.51576,-0.0726326,0
1.51734,-0.073131,0
1.51891,-0.0736518,0
1.52048,-0.0741986,0
1.52205,-0.0747623,0
1.52363,-0.0753457,0
1.5252,-0.0759573,0
1.52677,-0.0766052,0
1.52834,-0.0772979,0
1.52991,-0.0780435,0
1.53149,-0.0788491,0
1.53306,-0.0797191,0
1.53463,-0.0806573,0
1.5362,-0.081668,0
1.53778,-0.0827552,0
1.53935,-0.083923,0
1.54092,-0.0851846,0
1.54249,-0.086579,0
1.54407,-0.0881053,0
1.54564,-0.0897579,0
1.54721,-0.0915312,0
1.54878,-0.0934194,0
1.55036,-0.0954188,0
1.55193,-0.0975736,0
1.5535,-0.0999086,0
1.55507,-0.102429,0
1.55665,-0.10514,0
1.55822,-0.108045,0
1.55979,-0.111152,0
1.56136,-0.114437,0
1.56293,-0.117919,0
1.56451,-0.121694,0
1.56608,-0.125858,0
1.56765,-0.130509,0
1.56922,-0.135744,0
1.5708,-0.141861,0
